initial: 6
0.50748 0.49252 0.00000 0.00000 0.00000 0.00000

transition: 6
0.29201 0.50837 0.00618 0.19332 0.00000 0.00012
0.00032 0.50218 0.19897 0.00000 0.00000 0.29853
0.00288 0.00012 0.20180 0.78856 0.00000 0.00665
0.00018 0.00067 0.00445 0.28246 0.51239 0.19985
0.00000 0.00000 0.00000 0.00000 0.50078 0.49922
0.59843 0.00000 0.20644 0.19514 0.00000 0.00000

observation: 6
0.00027 0.29974 0.00114 0.10009 0.29878 0.09841
0.09988 0.39655 0.00000 0.10142 0.00000 0.10062
0.40439 0.19999 0.49056 0.29593 0.30228 0.00000
0.49546 0.10373 0.50687 0.40261 0.00000 0.00000
0.00000 0.00000 0.00142 0.09995 0.00000 0.80097
0.00000 0.00000 0.00000 0.00000 0.39894 0.00000
