initial: 6
0.71951 0.00049 0.09175 0.18825 0.00000 0.00000

transition: 6
0.30891 0.00063 0.49382 0.00005 0.00000 0.19659
0.00102 0.19996 0.79867 0.00036 0.00000 0.00000
0.00014 0.49889 0.20200 0.29897 0.00000 0.00000
0.00000 0.20164 0.00001 0.59792 0.00000 0.20043
0.10495 0.00000 0.00000 0.00000 0.49719 0.39786
0.00001 0.39405 0.00000 0.00000 0.30044 0.30550

observation: 6
0.99547 0.49874 0.29762 0.09843 0.00013 0.09896
0.00248 0.00001 0.39961 0.09978 0.10419 0.09747
0.00206 0.00171 0.20112 0.80179 0.09069 0.30876
0.00000 0.49946 0.10161 0.00000 0.00352 0.39592
0.00000 0.00009 0.00003 0.00000 0.00211 0.09889
0.00000 0.00000 0.00000 0.00000 0.79936 0.00000
