initial: 6
0.00005 0.10289 0.09700 0.21029 0.00000 0.58978

transition: 6
0.20264 0.20177 0.59531 0.00000 0.00027 0.00000
0.00778 0.28737 0.51545 0.00003 0.00005 0.18933
0.49577 0.00542 0.19751 0.30131 0.00000 0.00000
0.20061 0.00003 0.00101 0.59883 0.00000 0.19952
0.00000 0.10174 0.00000 0.00000 0.50226 0.39600
0.39805 0.00000 0.00000 0.00000 0.30266 0.29929

observation: 6
0.49548 0.70045 0.30255 0.10048 0.00000 0.09915
0.00163 0.00088 0.39886 0.09939 0.10319 0.09594
0.00000 0.29849 0.20034 0.19648 0.09831 0.30168
0.50289 0.00018 0.09816 0.00000 0.00285 0.40219
0.00000 0.00000 0.00009 0.60365 0.00202 0.10104
0.00000 0.00000 0.00000 0.00000 0.79363 0.00000
