# blender export (blender version 2.5x and higher)
# created by voodoo camera tracker - www.digilab.uni-hannover.de
# Creation date: Mon May 27 20:10:57 2019
# USAGE: load this python script into Blender's text editor and execute the script with ALT-P
#        use the 'voodoo_render_cam' for rendering your scene
#        use the helper object 'voodoo_scene' to rotate, translate and scale the scene

import bpy
import mathutils
import string
import math
scene = bpy.context.scene
dummy = bpy.data.objects.new('voodoo_scene', None)
dummy.location = (0.0, 0.0, 0.0)
dummy.rotation_euler = ( -3.141593/2, 0.0, 0.0)
dummy.scale = (0.2, 0.2, 0.2)
scene.objects.link(dummy)
data = bpy.data.cameras.new('voodoo_render_cam')
data.lens_unit = 'DEGREES'
vcam = bpy.data.objects.new('voodoo_render_cam', data)
vcam.location = (0.0, 0.0, 0.0)
vcam.rotation_euler = (0.0, 0.0, 0.0)
vcam.scale = (1.0, 1.0, 1.0)
data.lens = 35.0
data.shift_x = 0.0
data.shift_y = 0.0
data.dof_distance = 0.0
data.clip_start = 0.1
data.clip_end = 1000.0
data.draw_size = 0.5
scene.objects.link(vcam)
vcam.parent = dummy
data = bpy.data.meshes.new('voodoo_FP3D_cloud')
mesh = bpy.data.objects.new('voodoo_FP3D_cloud', data)
mesh.location = (0.0, 0.0, 0.0)
mesh.rotation_euler = (0.0, 0.0, 0.0)
mesh.scale = (1.0, 1.0, 1.0)
scene.objects.link(mesh)
mesh.parent = dummy

#Camera Parameters
scene.frame_current = 1
vcam.data.lens = 26.416317
vcam.matrix_world = (([0.999968,0.000993,-0.007915,0.000000], [0.000862,-0.999863,-0.016556,0.000000], [-0.007931,0.016549,-0.999832,0.000000], [-6.683748,0.554475,-33.701092,1.000000])) 
vcam.keyframe_insert('location')
vcam.keyframe_insert('scale')
vcam.keyframe_insert('rotation_euler')
vcam.data.keyframe_insert('lens')

scene.frame_current = 2
vcam.data.lens = 26.416317
vcam.matrix_world = (([0.999964,0.001640,-0.008353,0.000000], [0.001494,-0.999847,-0.017455,0.000000], [-0.008380,0.017442,-0.999813,0.000000], [-6.666292,0.559027,-33.746983,1.000000])) 
vcam.keyframe_insert('location')
vcam.keyframe_insert('scale')
vcam.keyframe_insert('rotation_euler')
vcam.data.keyframe_insert('lens')

scene.frame_current = 3
vcam.data.lens = 26.416317
vcam.matrix_world = (([0.999953,0.001473,-0.009579,0.000000], [0.001304,-0.999844,-0.017610,0.000000], [-0.009603,0.017597,-0.999799,0.000000], [-6.664366,0.584804,-33.823767,1.000000])) 
vcam.keyframe_insert('location')
vcam.keyframe_insert('scale')
vcam.keyframe_insert('rotation_euler')
vcam.data.keyframe_insert('lens')

scene.frame_current = 4
vcam.data.lens = 26.416317
vcam.matrix_world = (([0.999942,0.001677,-0.010682,0.000000], [0.001508,-0.999873,-0.015871,0.000000], [-0.010707,0.015854,-0.999817,0.000000], [-6.651438,0.593649,-33.874775,1.000000])) 
vcam.keyframe_insert('location')
vcam.keyframe_insert('scale')
vcam.keyframe_insert('rotation_euler')
vcam.data.keyframe_insert('lens')

scene.frame_current = 5
vcam.data.lens = 26.416317
vcam.matrix_world = (([0.999929,0.002274,-0.011737,0.000000], [0.002101,-0.999889,-0.014717,0.000000], [-0.011769,0.014691,-0.999823,0.000000], [-6.627335,0.597348,-33.922210,1.000000])) 
vcam.keyframe_insert('location')
vcam.keyframe_insert('scale')
vcam.keyframe_insert('rotation_euler')
vcam.data.keyframe_insert('lens')

scene.frame_current = 6
vcam.data.lens = 26.416317
vcam.matrix_world = (([0.999911,0.002980,-0.013033,0.000000], [0.002794,-0.999894,-0.014262,0.000000], [-0.013074,0.014224,-0.999813,0.000000], [-6.606226,0.602009,-33.990119,1.000000])) 
vcam.keyframe_insert('location')
vcam.keyframe_insert('scale')
vcam.keyframe_insert('rotation_euler')
vcam.data.keyframe_insert('lens')

scene.frame_current = 7
vcam.data.lens = 26.416317
vcam.matrix_world = (([0.999891,0.004039,-0.014168,0.000000], [0.003846,-0.999900,-0.013582,0.000000], [-0.014222,0.013526,-0.999807,0.000000], [-6.592075,0.615448,-34.077844,1.000000])) 
vcam.keyframe_insert('location')
vcam.keyframe_insert('scale')
vcam.keyframe_insert('rotation_euler')
vcam.data.keyframe_insert('lens')

scene.frame_current = 8
vcam.data.lens = 26.416317
vcam.matrix_world = (([0.999872,0.005452,-0.015059,0.000000], [0.005263,-0.999907,-0.012561,0.000000], [-0.015126,0.012480,-0.999808,0.000000], [-6.563186,0.620370,-34.151540,1.000000])) 
vcam.keyframe_insert('location')
vcam.keyframe_insert('scale')
vcam.keyframe_insert('rotation_euler')
vcam.data.keyframe_insert('lens')

scene.frame_current = 9
vcam.data.lens = 26.416317
vcam.matrix_world = (([0.999856,0.006691,-0.015614,0.000000], [0.006513,-0.999914,-0.011418,0.000000], [-0.015689,0.011315,-0.999813,0.000000], [-6.537817,0.624458,-34.234690,1.000000])) 
vcam.keyframe_insert('location')
vcam.keyframe_insert('scale')
vcam.keyframe_insert('rotation_euler')
vcam.data.keyframe_insert('lens')

scene.frame_current = 10
vcam.data.lens = 26.416317
vcam.matrix_world = (([0.999854,0.006964,-0.015616,0.000000], [0.006812,-0.999929,-0.009808,0.000000], [-0.015683,0.009700,-0.999830,0.000000], [-6.517203,0.639549,-34.340784,1.000000])) 
vcam.keyframe_insert('location')
vcam.keyframe_insert('scale')
vcam.keyframe_insert('rotation_euler')
vcam.data.keyframe_insert('lens')

scene.frame_current = 11
vcam.data.lens = 26.416317
vcam.matrix_world = (([0.999861,0.007235,-0.015007,0.000000], [0.007120,-0.999945,-0.007747,0.000000], [-0.015062,0.007639,-0.999857,0.000000], [-6.491014,0.644711,-34.437033,1.000000])) 
vcam.keyframe_insert('location')
vcam.keyframe_insert('scale')
vcam.keyframe_insert('rotation_euler')
vcam.data.keyframe_insert('lens')

scene.frame_current = 12
vcam.data.lens = 26.416317
vcam.matrix_world = (([0.999873,0.007971,-0.013776,0.000000], [0.007881,-0.999947,-0.006625,0.000000], [-0.013828,0.006516,-0.999883,0.000000], [-6.457064,0.654955,-34.538229,1.000000])) 
vcam.keyframe_insert('location')
vcam.keyframe_insert('scale')
vcam.keyframe_insert('rotation_euler')
vcam.data.keyframe_insert('lens')

scene.frame_current = 13
vcam.data.lens = 26.416317
vcam.matrix_world = (([0.999877,0.009397,-0.012551,0.000000], [0.009323,-0.999939,-0.005985,0.000000], [-0.012606,0.005867,-0.999903,0.000000], [-6.429412,0.664693,-34.653452,1.000000])) 
vcam.keyframe_insert('location')
vcam.keyframe_insert('scale')
vcam.keyframe_insert('rotation_euler')
vcam.data.keyframe_insert('lens')

scene.frame_current = 14
vcam.data.lens = 26.416317
vcam.matrix_world = (([0.999894,0.009573,-0.010953,0.000000], [0.009516,-0.999941,-0.005263,0.000000], [-0.011002,0.005158,-0.999926,0.000000], [-6.382661,0.670704,-34.766370,1.000000])) 
vcam.keyframe_insert('location')
vcam.keyframe_insert('scale')
vcam.keyframe_insert('rotation_euler')
vcam.data.keyframe_insert('lens')

scene.frame_current = 15
vcam.data.lens = 26.416317
vcam.matrix_world = (([0.999916,0.008611,-0.009661,0.000000], [0.008565,-0.999952,-0.004818,0.000000], [-0.009702,0.004735,-0.999942,0.000000], [-6.347873,0.680600,-34.889659,1.000000])) 
vcam.keyframe_insert('location')
vcam.keyframe_insert('scale')
vcam.keyframe_insert('rotation_euler')
vcam.data.keyframe_insert('lens')

scene.frame_current = 16
vcam.data.lens = 26.416317
vcam.matrix_world = (([0.999944,0.006430,-0.008360,0.000000], [0.006393,-0.999970,-0.004407,0.000000], [-0.008388,0.004353,-0.999955,0.000000], [-6.304691,0.695027,-35.017953,1.000000])) 
vcam.keyframe_insert('location')
vcam.keyframe_insert('scale')
vcam.keyframe_insert('rotation_euler')
vcam.data.keyframe_insert('lens')

scene.frame_current = 17
vcam.data.lens = 26.416317
vcam.matrix_world = (([0.999959,0.004074,-0.008072,0.000000], [0.004042,-0.999984,-0.003997,0.000000], [-0.008088,0.003964,-0.999959,0.000000], [-6.266082,0.715678,-35.152296,1.000000])) 
vcam.keyframe_insert('location')
vcam.keyframe_insert('scale')
vcam.keyframe_insert('rotation_euler')
vcam.data.keyframe_insert('lens')

scene.frame_current = 18
vcam.data.lens = 26.416317
vcam.matrix_world = (([0.999961,0.001532,-0.008661,0.000000], [0.001505,-0.999994,-0.003107,0.000000], [-0.008665,0.003094,-0.999958,0.000000], [-6.235055,0.739936,-35.290812,1.000000])) 
vcam.keyframe_insert('location')
vcam.keyframe_insert('scale')
vcam.keyframe_insert('rotation_euler')
vcam.data.keyframe_insert('lens')

scene.frame_current = 19
vcam.data.lens = 26.416317
vcam.matrix_world = (([0.999954,-0.001234,-0.009518,0.000000], [-0.001243,-0.999999,-0.001012,0.000000], [-0.009516,0.001024,-0.999954,0.000000], [-6.214313,0.761292,-35.429585,1.000000])) 
vcam.keyframe_insert('location')
vcam.keyframe_insert('scale')
vcam.keyframe_insert('rotation_euler')
vcam.data.keyframe_insert('lens')

scene.frame_current = 20
vcam.data.lens = 26.416317
vcam.matrix_world = (([0.999944,-0.002338,-0.010298,0.000000], [-0.002328,-0.999997,0.000986,0.000000], [-0.010301,-0.000962,-0.999946,0.000000], [-6.197162,0.774749,-35.556334,1.000000])) 
vcam.keyframe_insert('location')
vcam.keyframe_insert('scale')
vcam.keyframe_insert('rotation_euler')
vcam.data.keyframe_insert('lens')

scene.frame_current = 21
vcam.data.lens = 26.416317
vcam.matrix_world = (([0.999938,-0.001132,-0.011093,0.000000], [-0.001109,-0.999997,0.002055,0.000000], [-0.011096,-0.002043,-0.999936,0.000000], [-6.184107,0.779490,-35.672446,1.000000])) 
vcam.keyframe_insert('location')
vcam.keyframe_insert('scale')
vcam.keyframe_insert('rotation_euler')
vcam.data.keyframe_insert('lens')

scene.frame_current = 22
vcam.data.lens = 26.416317
vcam.matrix_world = (([0.999928,-0.000367,-0.012035,0.000000], [-0.000337,-0.999997,0.002454,0.000000], [-0.012036,-0.002450,-0.999925,0.000000], [-6.175429,0.785328,-35.796421,1.000000])) 
vcam.keyframe_insert('location')
vcam.keyframe_insert('scale')
vcam.keyframe_insert('rotation_euler')
vcam.data.keyframe_insert('lens')

scene.frame_current = 23
vcam.data.lens = 26.416317
vcam.matrix_world = (([0.999916,-0.000790,-0.012910,0.000000], [-0.000751,-0.999995,0.003063,0.000000], [-0.012912,-0.003053,-0.999912,0.000000], [-6.171296,0.800748,-35.927722,1.000000])) 
vcam.keyframe_insert('location')
vcam.keyframe_insert('scale')
vcam.keyframe_insert('rotation_euler')
vcam.data.keyframe_insert('lens')

scene.frame_current = 24
vcam.data.lens = 26.416317
vcam.matrix_world = (([0.999903,-0.000926,-0.013880,0.000000], [-0.000873,-0.999992,0.003840,0.000000], [-0.013883,-0.003827,-0.999896,0.000000], [-6.181934,0.816535,-36.060105,1.000000])) 
vcam.keyframe_insert('location')
vcam.keyframe_insert('scale')
vcam.keyframe_insert('rotation_euler')
vcam.data.keyframe_insert('lens')

scene.frame_current = 25
vcam.data.lens = 26.416317
vcam.matrix_world = (([0.999889,0.000151,-0.014919,0.000000], [0.000212,-0.999991,0.004124,0.000000], [-0.014919,-0.004127,-0.999880,0.000000], [-6.203809,0.825644,-36.197229,1.000000])) 
vcam.keyframe_insert('location')
vcam.keyframe_insert('scale')
vcam.keyframe_insert('rotation_euler')
vcam.data.keyframe_insert('lens')

scene.frame_current = 26
vcam.data.lens = 26.416317
vcam.matrix_world = (([0.999868,0.002727,-0.016015,0.000000], [0.002789,-0.999989,0.003873,0.000000], [-0.016005,-0.003917,-0.999864,0.000000], [-6.239235,0.840390,-36.342032,1.000000])) 
vcam.keyframe_insert('location')
vcam.keyframe_insert('scale')
vcam.keyframe_insert('rotation_euler')
vcam.data.keyframe_insert('lens')

scene.frame_current = 27
vcam.data.lens = 26.416317
vcam.matrix_world = (([0.999834,0.006110,-0.017167,0.000000], [0.006173,-0.999974,0.003634,0.000000], [-0.017145,-0.003740,-0.999846,0.000000], [-6.270192,0.853275,-36.490031,1.000000])) 
vcam.keyframe_insert('location')
vcam.keyframe_insert('scale')
vcam.keyframe_insert('rotation_euler')
vcam.data.keyframe_insert('lens')

scene.frame_current = 28
vcam.data.lens = 26.416317
vcam.matrix_world = (([0.999812,0.007112,-0.018038,0.000000], [0.007180,-0.999967,0.003670,0.000000], [-0.018011,-0.003799,-0.999831,0.000000], [-6.295782,0.865633,-36.635259,1.000000])) 
vcam.keyframe_insert('location')
vcam.keyframe_insert('scale')
vcam.keyframe_insert('rotation_euler')
vcam.data.keyframe_insert('lens')

scene.frame_current = 29
vcam.data.lens = 26.416317
vcam.matrix_world = (([0.999802,0.006155,-0.018899,0.000000], [0.006223,-0.999974,0.003520,0.000000], [-0.018877,-0.003637,-0.999815,0.000000], [-6.329877,0.885290,-36.792933,1.000000])) 
vcam.keyframe_insert('location')
vcam.keyframe_insert('scale')
vcam.keyframe_insert('rotation_euler')
vcam.data.keyframe_insert('lens')

scene.frame_current = 30
vcam.data.lens = 26.416317
vcam.matrix_world = (([0.999783,0.005597,-0.020059,0.000000], [0.005663,-0.999979,0.003278,0.000000], [-0.020040,-0.003390,-0.999793,0.000000], [-6.382823,0.917637,-36.960686,1.000000])) 
vcam.keyframe_insert('location')
vcam.keyframe_insert('scale')
vcam.keyframe_insert('rotation_euler')
vcam.data.keyframe_insert('lens')

scene.frame_current = 31
vcam.data.lens = 26.416317
vcam.matrix_world = (([0.999753,0.006179,-0.021348,0.000000], [0.006253,-0.999975,0.003390,0.000000], [-0.021326,-0.003523,-0.999766,0.000000], [-6.450783,0.957618,-37.150308,1.000000])) 
vcam.keyframe_insert('location')
vcam.keyframe_insert('scale')
vcam.keyframe_insert('rotation_euler')
vcam.data.keyframe_insert('lens')

scene.frame_current = 32
vcam.data.lens = 26.416317
vcam.matrix_world = (([0.999703,0.008225,-0.022945,0.000000], [0.008323,-0.999957,0.004182,0.000000], [-0.022910,-0.004372,-0.999728,0.000000], [-6.520874,1.001045,-37.336241,1.000000])) 
vcam.keyframe_insert('location')
vcam.keyframe_insert('scale')
vcam.keyframe_insert('rotation_euler')
vcam.data.keyframe_insert('lens')

scene.frame_current = 33
vcam.data.lens = 26.416317
vcam.matrix_world = (([0.999654,0.010112,-0.024284,0.000000], [0.010248,-0.999932,0.005485,0.000000], [-0.024227,-0.005732,-0.999690,0.000000], [-6.595028,1.026731,-37.526353,1.000000])) 
vcam.keyframe_insert('location')
vcam.keyframe_insert('scale')
vcam.keyframe_insert('rotation_euler')
vcam.data.keyframe_insert('lens')

scene.frame_current = 34
vcam.data.lens = 26.416317
vcam.matrix_world = (([0.999594,0.012040,-0.025832,0.000000], [0.012210,-0.999905,0.006430,0.000000], [-0.025752,-0.006742,-0.999646,0.000000], [-6.666126,1.048045,-37.710663,1.000000])) 
vcam.keyframe_insert('location')
vcam.keyframe_insert('scale')
vcam.keyframe_insert('rotation_euler')
vcam.data.keyframe_insert('lens')

scene.frame_current = 35
vcam.data.lens = 26.416317
vcam.matrix_world = (([0.999525,0.013127,-0.027894,0.000000], [0.013338,-0.999884,0.007409,0.000000], [-0.027793,-0.007778,-0.999583,0.000000], [-6.746570,1.086422,-37.926660,1.000000])) 
vcam.keyframe_insert('location')
vcam.keyframe_insert('scale')
vcam.keyframe_insert('rotation_euler')
vcam.data.keyframe_insert('lens')

scene.frame_current = 36
vcam.data.lens = 26.416317
vcam.matrix_world = (([0.999371,0.014858,-0.032214,0.000000], [0.015155,-0.999845,0.008990,0.000000], [-0.032076,-0.009472,-0.999441,0.000000], [-6.806753,1.125988,-38.138467,1.000000])) 
vcam.keyframe_insert('location')
vcam.keyframe_insert('scale')
vcam.keyframe_insert('rotation_euler')
vcam.data.keyframe_insert('lens')

scene.frame_current = 37
vcam.data.lens = 26.416317
vcam.matrix_world = (([0.999120,0.017478,-0.038120,0.000000], [0.017883,-0.999787,0.010302,0.000000], [-0.037932,-0.010974,-0.999220,0.000000], [-6.882329,1.141019,-38.334578,1.000000])) 
vcam.keyframe_insert('location')
vcam.keyframe_insert('scale')
vcam.keyframe_insert('rotation_euler')
vcam.data.keyframe_insert('lens')

scene.frame_current = 38
vcam.data.lens = 26.416317
vcam.matrix_world = (([0.998891,0.019707,-0.042753,0.000000], [0.020190,-0.999737,0.010895,0.000000], [-0.042527,-0.011746,-0.999026,0.000000], [-6.956576,1.145976,-38.520103,1.000000])) 
vcam.keyframe_insert('location')
vcam.keyframe_insert('scale')
vcam.keyframe_insert('rotation_euler')
vcam.data.keyframe_insert('lens')

scene.frame_current = 39
vcam.data.lens = 26.416317
vcam.matrix_world = (([0.998747,0.019655,-0.046022,0.000000], [0.020181,-0.999736,0.010994,0.000000], [-0.045794,-0.011909,-0.998880,0.000000], [-7.021697,1.162704,-38.724746,1.000000])) 
vcam.keyframe_insert('location')
vcam.keyframe_insert('scale')
vcam.keyframe_insert('rotation_euler')
vcam.data.keyframe_insert('lens')

scene.frame_current = 40
vcam.data.lens = 26.416317
vcam.matrix_world = (([0.998596,0.018370,-0.049684,0.000000], [0.018936,-0.999761,0.010958,0.000000], [-0.049470,-0.011884,-0.998705,0.000000], [-7.078725,1.186735,-38.930705,1.000000])) 
vcam.keyframe_insert('location')
vcam.keyframe_insert('scale')
vcam.keyframe_insert('rotation_euler')
vcam.data.keyframe_insert('lens')

scene.frame_current = 41
vcam.data.lens = 26.416317
vcam.matrix_world = (([0.998415,0.016343,-0.053847,0.000000], [0.016963,-0.999795,0.011068,0.000000], [-0.053655,-0.011964,-0.998488,0.000000], [-7.141360,1.212665,-39.145661,1.000000])) 
vcam.keyframe_insert('location')
vcam.keyframe_insert('scale')
vcam.keyframe_insert('rotation_euler')
vcam.data.keyframe_insert('lens')

scene.frame_current = 42
vcam.data.lens = 26.416317
vcam.matrix_world = (([0.998207,0.014402,-0.058101,0.000000], [0.015085,-0.999822,0.011347,0.000000], [-0.057927,-0.012203,-0.998246,0.000000], [-7.195648,1.236696,-39.359507,1.000000])) 
vcam.keyframe_insert('location')
vcam.keyframe_insert('scale')
vcam.keyframe_insert('rotation_euler')
vcam.data.keyframe_insert('lens')

scene.frame_current = 43
vcam.data.lens = 26.416317
vcam.matrix_world = (([0.997972,0.013453,-0.062211,0.000000], [0.014190,-0.999834,0.011422,0.000000], [-0.062047,-0.012282,-0.997998,0.000000], [-7.254444,1.267461,-39.583368,1.000000])) 
vcam.keyframe_insert('location')
vcam.keyframe_insert('scale')
vcam.keyframe_insert('rotation_euler')
vcam.data.keyframe_insert('lens')

scene.frame_current = 44
vcam.data.lens = 26.416317
vcam.matrix_world = (([0.997708,0.014247,-0.066148,0.000000], [0.015082,-0.999813,0.012141,0.000000], [-0.065963,-0.013110,-0.997736,0.000000], [-7.301706,1.300761,-39.805735,1.000000])) 
vcam.keyframe_insert('location')
vcam.keyframe_insert('scale')
vcam.keyframe_insert('rotation_euler')
vcam.data.keyframe_insert('lens')

scene.frame_current = 45
vcam.data.lens = 26.416317
vcam.matrix_world = (([0.997390,0.015677,-0.070486,0.000000], [0.016626,-0.999778,0.012910,0.000000], [-0.070268,-0.014048,-0.997429,0.000000], [-7.334298,1.319360,-40.008997,1.000000])) 
vcam.keyframe_insert('location')
vcam.keyframe_insert('scale')
vcam.keyframe_insert('rotation_euler')
vcam.data.keyframe_insert('lens')

scene.frame_current = 46
vcam.data.lens = 26.416317
vcam.matrix_world = (([0.997087,0.017583,-0.074217,0.000000], [0.018628,-0.999737,0.013413,0.000000], [-0.073962,-0.014756,-0.997152,0.000000], [-7.367369,1.330223,-40.208008,1.000000])) 
vcam.keyframe_insert('location')
vcam.keyframe_insert('scale')
vcam.keyframe_insert('rotation_euler')
vcam.data.keyframe_insert('lens')

scene.frame_current = 47
vcam.data.lens = 26.416317
vcam.matrix_world = (([0.996905,0.017753,-0.076585,0.000000], [0.018870,-0.999725,0.013888,0.000000], [-0.076318,-0.015290,-0.996966,0.000000], [-7.379863,1.346249,-40.391769,1.000000])) 
vcam.keyframe_insert('location')
vcam.keyframe_insert('scale')
vcam.keyframe_insert('rotation_euler')
vcam.data.keyframe_insert('lens')

scene.frame_current = 48
vcam.data.lens = 26.416317
vcam.matrix_world = (([0.996796,0.015948,-0.078380,0.000000], [0.017182,-0.999738,0.015098,0.000000], [-0.078119,-0.016396,-0.996809,0.000000], [-7.402626,1.375234,-40.594279,1.000000])) 
vcam.keyframe_insert('location')
vcam.keyframe_insert('scale')
vcam.keyframe_insert('rotation_euler')
vcam.data.keyframe_insert('lens')

scene.frame_current = 49
vcam.data.lens = 26.416317
vcam.matrix_world = (([0.996665,0.016442,-0.079925,0.000000], [0.017793,-0.999710,0.016228,0.000000], [-0.079635,-0.017596,-0.996669,0.000000], [-7.402282,1.394459,-40.754198,1.000000])) 
vcam.keyframe_insert('location')
vcam.keyframe_insert('scale')
vcam.keyframe_insert('rotation_euler')
vcam.data.keyframe_insert('lens')

scene.frame_current = 50
vcam.data.lens = 26.416317
vcam.matrix_world = (([0.996607,0.019682,-0.079917,0.000000], [0.021072,-0.999640,0.016586,0.000000], [-0.079562,-0.018213,-0.996664,0.000000], [-7.432757,1.390393,-40.941017,1.000000])) 
vcam.keyframe_insert('location')
vcam.keyframe_insert('scale')
vcam.keyframe_insert('rotation_euler')
vcam.data.keyframe_insert('lens')

scene.frame_current = 51
vcam.data.lens = 26.416317
vcam.matrix_world = (([0.996678,0.022749,-0.078200,0.000000], [0.024093,-0.999577,0.016287,0.000000], [-0.077797,-0.018117,-0.996805,0.000000], [-7.443844,1.418254,-41.162983,1.000000])) 
vcam.keyframe_insert('location')
vcam.keyframe_insert('scale')
vcam.keyframe_insert('rotation_euler')
vcam.data.keyframe_insert('lens')

scene.frame_current = 52
vcam.data.lens = 26.416317
vcam.matrix_world = (([0.996676,0.024264,-0.077771,0.000000], [0.025590,-0.999543,0.016090,0.000000], [-0.077345,-0.018027,-0.996841,0.000000], [-7.449008,1.444480,-41.393016,1.000000])) 
vcam.keyframe_insert('location')
vcam.keyframe_insert('scale')
vcam.keyframe_insert('rotation_euler')
vcam.data.keyframe_insert('lens')

scene.frame_current = 53
vcam.data.lens = 26.416317
vcam.matrix_world = (([0.996667,0.025683,-0.077427,0.000000], [0.027002,-0.999507,0.016034,0.000000], [-0.076977,-0.018071,-0.996869,0.000000], [-7.448045,1.475612,-41.615200,1.000000])) 
vcam.keyframe_insert('location')
vcam.keyframe_insert('scale')
vcam.keyframe_insert('rotation_euler')
vcam.data.keyframe_insert('lens')

scene.frame_current = 54
vcam.data.lens = 26.416317
vcam.matrix_world = (([0.996695,0.026351,-0.076842,0.000000], [0.027648,-0.999492,0.015852,0.000000], [-0.076386,-0.017924,-0.996917,0.000000], [-7.438470,1.507803,-41.843968,1.000000])) 
vcam.keyframe_insert('location')
vcam.keyframe_insert('scale')
vcam.keyframe_insert('rotation_euler')
vcam.data.keyframe_insert('lens')

scene.frame_current = 55
vcam.data.lens = 26.416317
vcam.matrix_world = (([0.996743,0.027541,-0.075791,0.000000], [0.028819,-0.999460,0.015815,0.000000], [-0.075315,-0.017948,-0.996998,0.000000], [-7.453594,1.530811,-42.085261,1.000000])) 
vcam.keyframe_insert('location')
vcam.keyframe_insert('scale')
vcam.keyframe_insert('rotation_euler')
vcam.data.keyframe_insert('lens')

scene.frame_current = 56
vcam.data.lens = 26.416317
vcam.matrix_world = (([0.996981,0.028324,-0.072297,0.000000], [0.029550,-0.999436,0.015939,0.000000], [-0.071804,-0.018027,-0.997256,0.000000], [-7.450922,1.549116,-42.325175,1.000000])) 
vcam.keyframe_insert('location')
vcam.keyframe_insert('scale')
vcam.keyframe_insert('rotation_euler')
vcam.data.keyframe_insert('lens')

scene.frame_current = 57
vcam.data.lens = 26.416317
vcam.matrix_world = (([0.997318,0.027178,-0.067960,0.000000], [0.028344,-0.999466,0.016249,0.000000], [-0.067483,-0.018131,-0.997556,0.000000], [-7.440490,1.593869,-42.582850,1.000000])) 
vcam.keyframe_insert('location')
vcam.keyframe_insert('scale')
vcam.keyframe_insert('rotation_euler')
vcam.data.keyframe_insert('lens')

scene.frame_current = 58
vcam.data.lens = 26.416317
vcam.matrix_world = (([0.997646,0.025692,-0.063581,0.000000], [0.026969,-0.999450,0.019304,0.000000], [-0.063050,-0.020973,-0.997790,0.000000], [-7.451291,1.647140,-42.865292,1.000000])) 
vcam.keyframe_insert('location')
vcam.keyframe_insert('scale')
vcam.keyframe_insert('rotation_euler')
vcam.data.keyframe_insert('lens')

scene.frame_current = 59
vcam.data.lens = 26.416317
vcam.matrix_world = (([0.997974,0.023478,-0.059131,0.000000], [0.024903,-0.999414,0.023476,0.000000], [-0.058545,-0.024901,-0.997974,0.000000], [-7.387796,1.670192,-43.071227,1.000000])) 
vcam.keyframe_insert('location')
vcam.keyframe_insert('scale')
vcam.keyframe_insert('rotation_euler')
vcam.data.keyframe_insert('lens')

scene.frame_current = 60
vcam.data.lens = 26.416317
vcam.matrix_world = (([0.998174,0.021611,-0.056405,0.000000], [0.023049,-0.999423,0.024959,0.000000], [-0.055833,-0.026213,-0.998096,0.000000], [-7.347849,1.680816,-43.304289,1.000000])) 
vcam.keyframe_insert('location')
vcam.keyframe_insert('scale')
vcam.keyframe_insert('rotation_euler')
vcam.data.keyframe_insert('lens')

scene.frame_current = 61
vcam.data.lens = 26.416317
vcam.matrix_world = (([0.998348,0.020495,-0.053676,0.000000], [0.021886,-0.999437,0.025449,0.000000], [-0.053124,-0.026582,-0.998234,0.000000], [-7.333975,1.696188,-43.562522,1.000000])) 
vcam.keyframe_insert('location')
vcam.keyframe_insert('scale')
vcam.keyframe_insert('rotation_euler')
vcam.data.keyframe_insert('lens')

scene.frame_current = 62
vcam.data.lens = 26.416317
vcam.matrix_world = (([0.998528,0.019043,-0.050789,0.000000], [0.020385,-0.999453,0.026042,0.000000], [-0.050266,-0.027039,-0.998370,0.000000], [-7.309508,1.721876,-43.825407,1.000000])) 
vcam.keyframe_insert('location')
vcam.keyframe_insert('scale')
vcam.keyframe_insert('rotation_euler')
vcam.data.keyframe_insert('lens')

scene.frame_current = 63
vcam.data.lens = 26.416317
vcam.matrix_world = (([0.998677,0.016590,-0.048669,0.000000], [0.017937,-0.999464,0.027373,0.000000], [-0.048189,-0.028210,-0.998440,0.000000], [-7.291035,1.743779,-44.079143,1.000000])) 
vcam.keyframe_insert('location')
vcam.keyframe_insert('scale')
vcam.keyframe_insert('rotation_euler')
vcam.data.keyframe_insert('lens')

scene.frame_current = 64
vcam.data.lens = 26.416317
vcam.matrix_world = (([0.998816,0.012617,-0.046983,0.000000], [0.014004,-0.999472,0.029316,0.000000], [-0.046588,-0.029939,-0.998465,0.000000], [-7.266599,1.764395,-44.320389,1.000000])) 
vcam.keyframe_insert('location')
vcam.keyframe_insert('scale')
vcam.keyframe_insert('rotation_euler')
vcam.data.keyframe_insert('lens')

scene.frame_current = 65
vcam.data.lens = 26.416317
vcam.matrix_world = (([0.998856,0.010328,-0.046693,0.000000], [0.011772,-0.999457,0.030765,0.000000], [-0.046350,-0.031279,-0.998435,0.000000], [-7.260506,1.777320,-44.585625,1.000000])) 
vcam.keyframe_insert('location')
vcam.keyframe_insert('scale')
vcam.keyframe_insert('rotation_euler')
vcam.data.keyframe_insert('lens')

scene.frame_current = 66
vcam.data.lens = 26.416317
vcam.matrix_world = (([0.998835,0.010711,-0.047052,0.000000], [0.012192,-0.999436,0.031305,0.000000], [-0.046691,-0.031842,-0.998402,0.000000], [-7.263301,1.780727,-44.843519,1.000000])) 
vcam.keyframe_insert('location')
vcam.keyframe_insert('scale')
vcam.keyframe_insert('rotation_euler')
vcam.data.keyframe_insert('lens')

scene.frame_current = 67
vcam.data.lens = 26.416317
vcam.matrix_world = (([0.998801,0.011364,-0.047618,0.000000], [0.012874,-0.999420,0.031526,0.000000], [-0.047232,-0.032102,-0.998368,0.000000], [-7.262068,1.783417,-45.058290,1.000000])) 
vcam.keyframe_insert('location')
vcam.keyframe_insert('scale')
vcam.keyframe_insert('rotation_euler')
vcam.data.keyframe_insert('lens')

scene.frame_current = 68
vcam.data.lens = 26.416317
vcam.matrix_world = (([0.998766,0.011737,-0.048258,0.000000], [0.013269,-0.999414,0.031545,0.000000], [-0.047859,-0.032146,-0.998337,0.000000], [-7.264593,1.785754,-45.284974,1.000000])) 
vcam.keyframe_insert('location')
vcam.keyframe_insert('scale')
vcam.keyframe_insert('rotation_euler')
vcam.data.keyframe_insert('lens')

scene.frame_current = 69
vcam.data.lens = 26.416317
vcam.matrix_world = (([0.998726,0.011196,-0.049195,0.000000], [0.012703,-0.999456,0.030420,0.000000], [-0.048828,-0.031006,-0.998326,0.000000], [-7.239716,1.789300,-45.485930,1.000000])) 
vcam.keyframe_insert('location')
vcam.keyframe_insert('scale')
vcam.keyframe_insert('rotation_euler')
vcam.data.keyframe_insert('lens')

scene.frame_current = 70
vcam.data.lens = 26.416317
vcam.matrix_world = (([0.998598,0.010212,-0.051943,0.000000], [0.011642,-0.999560,0.027295,0.000000], [-0.051641,-0.027861,-0.998277,0.000000], [-7.229204,1.797680,-45.690398,1.000000])) 
vcam.keyframe_insert('location')
vcam.keyframe_insert('scale')
vcam.keyframe_insert('rotation_euler')
vcam.data.keyframe_insert('lens')

scene.frame_current = 71
vcam.data.lens = 26.416317
vcam.matrix_world = (([0.998367,0.008307,-0.056525,0.000000], [0.009706,-0.999652,0.024512,0.000000], [-0.056301,-0.025020,-0.998100,0.000000], [-7.250596,1.825988,-45.924823,1.000000])) 
vcam.keyframe_insert('location')
vcam.keyframe_insert('scale')
vcam.keyframe_insert('rotation_euler')
vcam.data.keyframe_insert('lens')

scene.frame_current = 72
vcam.data.lens = 26.416317
vcam.matrix_world = (([0.998033,0.008047,-0.062176,0.000000], [0.009453,-0.999706,0.022350,0.000000], [-0.061977,-0.022894,-0.997815,0.000000], [-7.277510,1.834083,-46.127179,1.000000])) 
vcam.keyframe_insert('location')
vcam.keyframe_insert('scale')
vcam.keyframe_insert('rotation_euler')
vcam.data.keyframe_insert('lens')

scene.frame_current = 73
vcam.data.lens = 26.416317
vcam.matrix_world = (([0.997721,0.008830,-0.066892,0.000000], [0.010184,-0.999749,0.019932,0.000000], [-0.066699,-0.020568,-0.997561,0.000000], [-7.323614,1.848539,-46.338422,1.000000])) 
vcam.keyframe_insert('location')
vcam.keyframe_insert('scale')
vcam.keyframe_insert('rotation_euler')
vcam.data.keyframe_insert('lens')

scene.frame_current = 74
vcam.data.lens = 26.416317
vcam.matrix_world = (([0.997410,0.008579,-0.071418,0.000000], [0.009894,-0.999787,0.018086,0.000000], [-0.071248,-0.018746,-0.997282,0.000000], [-7.363920,1.868845,-46.540500,1.000000])) 
vcam.keyframe_insert('location')
vcam.keyframe_insert('scale')
vcam.keyframe_insert('rotation_euler')
vcam.data.keyframe_insert('lens')

scene.frame_current = 75
vcam.data.lens = 26.416317
vcam.matrix_world = (([0.997144,0.008017,-0.075096,0.000000], [0.009315,-0.999813,0.016954,0.000000], [-0.074946,-0.017605,-0.997032,0.000000], [-7.438015,1.883672,-46.751612,1.000000])) 
vcam.keyframe_insert('location')
vcam.keyframe_insert('scale')
vcam.keyframe_insert('rotation_euler')
vcam.data.keyframe_insert('lens')

scene.frame_current = 76
vcam.data.lens = 26.416317
vcam.matrix_world = (([0.996975,0.008284,-0.077275,0.000000], [0.009577,-0.999820,0.016379,0.000000], [-0.077125,-0.017069,-0.996875,0.000000], [-7.521633,1.901705,-46.969849,1.000000])) 
vcam.keyframe_insert('location')
vcam.keyframe_insert('scale')
vcam.keyframe_insert('rotation_euler')
vcam.data.keyframe_insert('lens')

scene.frame_current = 77
vcam.data.lens = 26.416317
vcam.matrix_world = (([0.996835,0.010549,-0.078793,0.000000], [0.011831,-0.999805,0.015820,0.000000], [-0.078611,-0.016702,-0.996765,0.000000], [-7.591200,1.919638,-47.178563,1.000000])) 
vcam.keyframe_insert('location')
vcam.keyframe_insert('scale')
vcam.keyframe_insert('rotation_euler')
vcam.data.keyframe_insert('lens')

scene.frame_current = 78
vcam.data.lens = 26.416317
vcam.matrix_world = (([0.996689,0.013287,-0.080214,0.000000], [0.014540,-0.999781,0.015058,0.000000], [-0.079996,-0.016175,-0.996664,0.000000], [-7.673682,1.935583,-47.395142,1.000000])) 
vcam.keyframe_insert('location')
vcam.keyframe_insert('scale')
vcam.keyframe_insert('rotation_euler')
vcam.data.keyframe_insert('lens')

scene.frame_current = 79
vcam.data.lens = 26.416317
vcam.matrix_world = (([0.996511,0.017521,-0.081601,0.000000], [0.018713,-0.999729,0.013861,0.000000], [-0.081336,-0.015340,-0.996569,0.000000], [-7.754777,1.968933,-47.609846,1.000000])) 
vcam.keyframe_insert('location')
vcam.keyframe_insert('scale')
vcam.keyframe_insert('rotation_euler')
vcam.data.keyframe_insert('lens')

scene.frame_current = 80
vcam.data.lens = 26.416317
vcam.matrix_world = (([0.996316,0.020860,-0.083177,0.000000], [0.022026,-0.999671,0.013133,0.000000], [-0.082876,-0.014917,-0.996448,0.000000], [-7.832004,2.002113,-47.835485,1.000000])) 
vcam.keyframe_insert('location')
vcam.keyframe_insert('scale')
vcam.keyframe_insert('rotation_euler')
vcam.data.keyframe_insert('lens')

scene.frame_current = 81
vcam.data.lens = 26.416317
vcam.matrix_world = (([0.996125,0.024071,-0.084595,0.000000], [0.025229,-0.999602,0.012648,0.000000], [-0.084257,-0.014733,-0.996335,0.000000], [-7.909531,2.031913,-48.064107,1.000000])) 
vcam.keyframe_insert('location')
vcam.keyframe_insert('scale')
vcam.keyframe_insert('rotation_euler')
vcam.data.keyframe_insert('lens')

scene.frame_current = 82
vcam.data.lens = 26.416317
vcam.matrix_world = (([0.995963,0.026472,-0.085770,0.000000], [0.027620,-0.999544,0.012227,0.000000], [-0.085407,-0.014546,-0.996240,0.000000], [-7.968776,2.053626,-48.273410,1.000000])) 
vcam.keyframe_insert('location')
vcam.keyframe_insert('scale')
vcam.keyframe_insert('rotation_euler')
vcam.data.keyframe_insert('lens')

scene.frame_current = 83
vcam.data.lens = 26.416317
vcam.matrix_world = (([0.995906,0.024893,-0.086900,0.000000], [0.026008,-0.999593,0.011718,0.000000], [-0.086573,-0.013931,-0.996148,0.000000], [-8.006865,2.078685,-48.473593,1.000000])) 
vcam.keyframe_insert('location')
vcam.keyframe_insert('scale')
vcam.keyframe_insert('rotation_euler')
vcam.data.keyframe_insert('lens')

scene.frame_current = 84
vcam.data.lens = 26.416317
vcam.matrix_world = (([0.995819,0.021060,-0.088884,0.000000], [0.022133,-0.999693,0.011097,0.000000], [-0.088623,-0.013017,-0.995980,0.000000], [-8.057537,2.122745,-48.708842,1.000000])) 
vcam.keyframe_insert('location')
vcam.keyframe_insert('scale')
vcam.keyframe_insert('rotation_euler')
vcam.data.keyframe_insert('lens')

scene.frame_current = 85
vcam.data.lens = 26.416317
vcam.matrix_world = (([0.995528,0.017607,-0.092807,0.000000], [0.018679,-0.999768,0.010686,0.000000], [-0.092597,-0.012372,-0.995627,0.000000], [-8.097055,2.154715,-48.915637,1.000000])) 
vcam.keyframe_insert('location')
vcam.keyframe_insert('scale')
vcam.keyframe_insert('rotation_euler')
vcam.data.keyframe_insert('lens')

scene.frame_current = 86
vcam.data.lens = 26.416317
vcam.matrix_world = (([0.995184,0.016638,-0.096607,0.000000], [0.017718,-0.999790,0.010341,0.000000], [-0.096414,-0.012002,-0.995269,0.000000], [-8.176092,2.174591,-49.138561,1.000000])) 
vcam.keyframe_insert('location')
vcam.keyframe_insert('scale')
vcam.keyframe_insert('rotation_euler')
vcam.data.keyframe_insert('lens')

scene.frame_current = 87
vcam.data.lens = 26.416317
vcam.matrix_world = (([0.994987,0.016795,-0.098587,0.000000], [0.017886,-0.999788,0.010193,0.000000], [-0.098394,-0.011905,-0.995076,0.000000], [-8.218916,2.190701,-49.315188,1.000000])) 
vcam.keyframe_insert('location')
vcam.keyframe_insert('scale')
vcam.keyframe_insert('rotation_euler')
vcam.data.keyframe_insert('lens')

scene.frame_current = 88
vcam.data.lens = 26.416317
vcam.matrix_world = (([0.994847,0.016209,-0.100081,0.000000], [0.017308,-0.999799,0.010123,0.000000], [-0.099897,-0.011803,-0.994928,0.000000], [-8.259872,2.213691,-49.496299,1.000000])) 
vcam.keyframe_insert('location')
vcam.keyframe_insert('scale')
vcam.keyframe_insert('rotation_euler')
vcam.data.keyframe_insert('lens')

scene.frame_current = 89
vcam.data.lens = 26.416317
vcam.matrix_world = (([0.994723,0.016751,-0.101217,0.000000], [0.017857,-0.999790,0.010033,0.000000], [-0.101027,-0.011787,-0.994814,0.000000], [-8.292713,2.234113,-49.673841,1.000000])) 
vcam.keyframe_insert('location')
vcam.keyframe_insert('scale')
vcam.keyframe_insert('rotation_euler')
vcam.data.keyframe_insert('lens')

scene.frame_current = 90
vcam.data.lens = 26.416317
vcam.matrix_world = (([0.994567,0.019081,-0.102337,0.000000], [0.020183,-0.999749,0.009749,0.000000], [-0.102125,-0.011762,-0.994702,0.000000], [-8.327398,2.251171,-49.868725,1.000000])) 
vcam.keyframe_insert('location')
vcam.keyframe_insert('scale')
vcam.keyframe_insert('rotation_euler')
vcam.data.keyframe_insert('lens')

scene.frame_current = 91
vcam.data.lens = 26.416317
vcam.matrix_world = (([0.994447,0.020926,-0.103139,0.000000], [0.022021,-0.999712,0.009497,0.000000], [-0.102910,-0.011716,-0.994622,0.000000], [-8.341664,2.262658,-50.059214,1.000000])) 
vcam.keyframe_insert('location')
vcam.keyframe_insert('scale')
vcam.keyframe_insert('rotation_euler')
vcam.data.keyframe_insert('lens')

scene.frame_current = 92
vcam.data.lens = 26.416317
vcam.matrix_world = (([0.994380,0.019793,-0.103999,0.000000], [0.020914,-0.999734,0.009692,0.000000], [-0.103780,-0.011813,-0.994530,0.000000], [-8.342099,2.284613,-50.243756,1.000000])) 
vcam.keyframe_insert('location')
vcam.keyframe_insert('scale')
vcam.keyframe_insert('rotation_euler')
vcam.data.keyframe_insert('lens')

scene.frame_current = 93
vcam.data.lens = 26.416317
vcam.matrix_world = (([0.994342,0.016918,-0.104869,0.000000], [0.018063,-0.999787,0.009980,0.000000], [-0.104678,-0.011818,-0.994436,0.000000], [-8.336867,2.304088,-50.427379,1.000000])) 
vcam.keyframe_insert('location')
vcam.keyframe_insert('scale')
vcam.keyframe_insert('rotation_euler')
vcam.data.keyframe_insert('lens')

scene.frame_current = 94
vcam.data.lens = 26.416317
vcam.matrix_world = (([0.994286,0.014423,-0.105769,0.000000], [0.015600,-0.999825,0.010311,0.000000], [-0.105602,-0.011902,-0.994337,0.000000], [-8.338354,2.327884,-50.609964,1.000000])) 
vcam.keyframe_insert('location')
vcam.keyframe_insert('scale')
vcam.keyframe_insert('rotation_euler')
vcam.data.keyframe_insert('lens')

scene.frame_current = 95
vcam.data.lens = 26.416317
vcam.matrix_world = (([0.994256,0.015124,-0.105950,0.000000], [0.016326,-0.999812,0.010483,0.000000], [-0.105771,-0.012152,-0.994316,0.000000], [-8.337301,2.333466,-50.778108,1.000000])) 
vcam.keyframe_insert('location')
vcam.keyframe_insert('scale')
vcam.keyframe_insert('rotation_euler')
vcam.data.keyframe_insert('lens')

scene.frame_current = 96
vcam.data.lens = 26.416317
vcam.matrix_world = (([0.994343,0.017668,-0.104739,0.000000], [0.018842,-0.999770,0.010227,0.000000], [-0.104534,-0.012143,-0.994447,0.000000], [-8.344323,2.339129,-50.967604,1.000000])) 
vcam.keyframe_insert('location')
vcam.keyframe_insert('scale')
vcam.keyframe_insert('rotation_euler')
vcam.data.keyframe_insert('lens')

scene.frame_current = 97
vcam.data.lens = 26.416317
vcam.matrix_world = (([0.994499,0.019954,-0.102828,0.000000], [0.021088,-0.999728,0.009951,0.000000], [-0.102601,-0.012064,-0.994649,0.000000], [-8.328316,2.346538,-51.147214,1.000000])) 
vcam.keyframe_insert('location')
vcam.keyframe_insert('scale')
vcam.keyframe_insert('rotation_euler')
vcam.data.keyframe_insert('lens')

scene.frame_current = 98
vcam.data.lens = 26.416317
vcam.matrix_world = (([0.994698,0.021308,-0.100612,0.000000], [0.022374,-0.999705,0.009472,0.000000], [-0.100381,-0.011673,-0.994881,0.000000], [-8.302696,2.365429,-51.329193,1.000000])) 
vcam.keyframe_insert('location')
vcam.keyframe_insert('scale')
vcam.keyframe_insert('rotation_euler')
vcam.data.keyframe_insert('lens')

scene.frame_current = 99
vcam.data.lens = 26.416317
vcam.matrix_world = (([0.994833,0.021616,-0.099201,0.000000], [0.022617,-0.999704,0.008976,0.000000], [-0.098978,-0.011173,-0.995027,0.000000], [-8.266142,2.394869,-51.517573,1.000000])) 
vcam.keyframe_insert('location')
vcam.keyframe_insert('scale')
vcam.keyframe_insert('rotation_euler')
vcam.data.keyframe_insert('lens')

scene.frame_current = 100
vcam.data.lens = 26.416317
vcam.matrix_world = (([0.994893,0.021801,-0.098548,0.000000], [0.022742,-0.999706,0.008433,0.000000], [-0.098335,-0.010631,-0.995097,0.000000], [-8.233471,2.426190,-51.707431,1.000000])) 
vcam.keyframe_insert('location')
vcam.keyframe_insert('scale')
vcam.keyframe_insert('rotation_euler')
vcam.data.keyframe_insert('lens')

scene.frame_current = 101
vcam.data.lens = 26.416317
