# blender export (blender version 2.5x and higher)
# created by voodoo camera tracker - www.digilab.uni-hannover.de
# Creation date: Sun Jun 16 17:21:21 2019
# USAGE: load this python script into Blender's text editor and execute the script with ALT-P
#        use the 'voodoo_render_cam' for rendering your scene
#        use the helper object 'voodoo_scene' to rotate, translate and scale the scene

import bpy
import mathutils
import string
import math
scene = bpy.context.scene
dummy = bpy.data.objects.new('voodoo_scene', None)
dummy.location = (0.0, 0.0, 0.0)
dummy.rotation_euler = ( -3.141593/2, 0.0, 0.0)
dummy.scale = (0.2, 0.2, 0.2)
scene.objects.link(dummy)
data = bpy.data.cameras.new('voodoo_render_cam')
data.lens_unit = 'DEGREES'
vcam = bpy.data.objects.new('voodoo_render_cam', data)
vcam.location = (0.0, 0.0, 0.0)
vcam.rotation_euler = (0.0, 0.0, 0.0)
vcam.scale = (1.0, 1.0, 1.0)
data.lens = 35.0
data.shift_x = 0.0
data.shift_y = 0.0
data.dof_distance = 0.0
data.clip_start = 0.1
data.clip_end = 1000.0
data.draw_size = 0.5
scene.objects.link(vcam)
vcam.parent = dummy
data = bpy.data.meshes.new('voodoo_FP3D_cloud')
mesh = bpy.data.objects.new('voodoo_FP3D_cloud', data)
mesh.location = (0.0, 0.0, 0.0)
mesh.rotation_euler = (0.0, 0.0, 0.0)
mesh.scale = (1.0, 1.0, 1.0)
scene.objects.link(mesh)
mesh.parent = dummy

#Camera Parameters
scene.frame_current = 1
vcam.data.lens = 159.004037
vcam.matrix_world = (([0.988012,-0.039234,-0.149306,0.000000], [-0.126778,-0.758072,-0.639729,0.000000], [-0.088086,0.650989,-0.753959,0.000000], [83.767516,-469.648177,447.555743,1.000000])) 
vcam.keyframe_insert('location')
vcam.keyframe_insert('scale')
vcam.keyframe_insert('rotation_euler')
vcam.data.keyframe_insert('lens')

scene.frame_current = 2
vcam.data.lens = 159.004037
vcam.matrix_world = (([0.989794,-0.052610,-0.132442,0.000000], [-0.124776,-0.768903,-0.627071,0.000000], [-0.068845,0.637197,-0.767620,0.000000], [77.693080,-464.322703,450.758322,1.000000])) 
vcam.keyframe_insert('location')
vcam.keyframe_insert('scale')
vcam.keyframe_insert('rotation_euler')
vcam.data.keyframe_insert('lens')

scene.frame_current = 3
vcam.data.lens = 159.004037
vcam.matrix_world = (([0.989854,-0.052254,-0.132134,0.000000], [-0.124308,-0.768913,-0.627152,0.000000], [-0.068829,0.637214,-0.767607,0.000000], [77.720424,-464.330456,450.801935,1.000000])) 
vcam.keyframe_insert('location')
vcam.keyframe_insert('scale')
vcam.keyframe_insert('rotation_euler')
vcam.data.keyframe_insert('lens')

scene.frame_current = 4
vcam.data.lens = 159.004037
vcam.matrix_world = (([0.989963,-0.051433,-0.131635,0.000000], [-0.123351,-0.769041,-0.627185,0.000000], [-0.068975,0.637127,-0.767666,0.000000], [77.779074,-464.265373,450.794913,1.000000])) 
vcam.keyframe_insert('location')
vcam.keyframe_insert('scale')
vcam.keyframe_insert('rotation_euler')
vcam.data.keyframe_insert('lens')

scene.frame_current = 5
vcam.data.lens = 159.004037
vcam.matrix_world = (([0.990063,-0.050761,-0.131141,0.000000], [-0.122533,-0.768974,-0.627427,0.000000], [-0.068995,0.637262,-0.767553,0.000000], [77.816295,-464.317697,450.798796,1.000000])) 
vcam.keyframe_insert('location')
vcam.keyframe_insert('scale')
vcam.keyframe_insert('rotation_euler')
vcam.data.keyframe_insert('lens')

scene.frame_current = 6
vcam.data.lens = 159.004037
vcam.matrix_world = (([0.990089,-0.049742,-0.131337,0.000000], [-0.121907,-0.768718,-0.627862,0.000000], [-0.069730,0.637650,-0.767164,0.000000], [78.096923,-464.495347,450.698795,1.000000])) 
vcam.keyframe_insert('location')
vcam.keyframe_insert('scale')
vcam.keyframe_insert('rotation_euler')
vcam.data.keyframe_insert('lens')

scene.frame_current = 7
vcam.data.lens = 159.004037
vcam.matrix_world = (([0.990123,-0.049487,-0.131178,0.000000], [-0.121612,-0.768716,-0.627922,0.000000], [-0.069765,0.637673,-0.767142,0.000000], [78.143906,-464.515538,450.707631,1.000000])) 
vcam.keyframe_insert('location')
vcam.keyframe_insert('scale')
vcam.keyframe_insert('rotation_euler')
vcam.data.keyframe_insert('lens')

scene.frame_current = 8
vcam.data.lens = 159.004037
vcam.matrix_world = (([0.990125,-0.049526,-0.131145,0.000000], [-0.121620,-0.768726,-0.627908,0.000000], [-0.069717,0.637657,-0.767159,0.000000], [78.149391,-464.483138,450.675683,1.000000])) 
vcam.keyframe_insert('location')
vcam.keyframe_insert('scale')
vcam.keyframe_insert('rotation_euler')
vcam.data.keyframe_insert('lens')

scene.frame_current = 9
vcam.data.lens = 159.004037
vcam.matrix_world = (([0.990146,-0.050105,-0.130768,0.000000], [-0.121800,-0.768936,-0.627616,0.000000], [-0.069105,0.637359,-0.767462,0.000000], [77.961094,-464.311530,450.741589,1.000000])) 
vcam.keyframe_insert('location')
vcam.keyframe_insert('scale')
vcam.keyframe_insert('rotation_euler')
vcam.data.keyframe_insert('lens')

scene.frame_current = 10
vcam.data.lens = 159.004037
vcam.matrix_world = (([0.990067,-0.049770,-0.131492,0.000000], [-0.122030,-0.768689,-0.627874,0.000000], [-0.069827,0.637683,-0.767128,0.000000], [78.219078,-464.476506,450.660057,1.000000])) 
vcam.keyframe_insert('location')
vcam.keyframe_insert('scale')
vcam.keyframe_insert('rotation_euler')
vcam.data.keyframe_insert('lens')

scene.frame_current = 11
vcam.data.lens = 159.004037
vcam.matrix_world = (([0.990172,-0.049112,-0.130950,0.000000], [-0.121180,-0.768737,-0.627980,0.000000], [-0.069825,0.637677,-0.767133,0.000000], [78.235969,-464.458163,450.644837,1.000000])) 
vcam.keyframe_insert('location')
vcam.keyframe_insert('scale')
vcam.keyframe_insert('rotation_euler')
vcam.data.keyframe_insert('lens')

scene.frame_current = 12
vcam.data.lens = 159.004037
vcam.matrix_world = (([0.990237,-0.048382,-0.130725,0.000000], [-0.120471,-0.768808,-0.628029,0.000000], [-0.070117,0.637647,-0.767131,0.000000], [78.362878,-464.476160,450.666281,1.000000])) 
vcam.keyframe_insert('location')
vcam.keyframe_insert('scale')
vcam.keyframe_insert('rotation_euler')
vcam.data.keyframe_insert('lens')

scene.frame_current = 13
vcam.data.lens = 159.004037
vcam.matrix_world = (([0.990370,-0.048199,-0.129787,0.000000], [-0.119716,-0.768999,-0.627939,0.000000], [-0.069540,0.637430,-0.767364,0.000000], [78.192638,-464.330925,450.692562,1.000000])) 
vcam.keyframe_insert('location')
vcam.keyframe_insert('scale')
vcam.keyframe_insert('rotation_euler')
vcam.data.keyframe_insert('lens')

scene.frame_current = 14
vcam.data.lens = 159.004037
vcam.matrix_world = (([0.990317,-0.048299,-0.130151,0.000000], [-0.120040,-0.768852,-0.628058,0.000000], [-0.069732,0.637599,-0.767206,0.000000], [78.288423,-464.448280,450.666524,1.000000])) 
vcam.keyframe_insert('location')
vcam.keyframe_insert('scale')
vcam.keyframe_insert('rotation_euler')
vcam.data.keyframe_insert('lens')

scene.frame_current = 15
vcam.data.lens = 159.004037
vcam.matrix_world = (([0.990346,-0.048217,-0.129964,0.000000], [-0.119857,-0.768866,-0.628076,0.000000], [-0.069641,0.637589,-0.767222,0.000000], [78.267599,-464.444368,450.671830,1.000000])) 
vcam.keyframe_insert('location')
vcam.keyframe_insert('scale')
vcam.keyframe_insert('rotation_euler')
vcam.data.keyframe_insert('lens')

scene.frame_current = 16
vcam.data.lens = 159.004037
vcam.matrix_world = (([0.990390,-0.047998,-0.129707,0.000000], [-0.119523,-0.768900,-0.628098,0.000000], [-0.069584,0.637565,-0.767248,0.000000], [78.267700,-464.449588,450.687789,1.000000])) 
vcam.keyframe_insert('location')
vcam.keyframe_insert('scale')
vcam.keyframe_insert('rotation_euler')
vcam.data.keyframe_insert('lens')

scene.frame_current = 17
vcam.data.lens = 159.004037
vcam.matrix_world = (([0.990460,-0.048242,-0.129081,0.000000], [-0.119296,-0.769053,-0.627954,0.000000], [-0.068977,0.637362,-0.767471,0.000000], [78.085817,-464.337206,450.737317,1.000000])) 
vcam.keyframe_insert('location')
vcam.keyframe_insert('scale')
vcam.keyframe_insert('rotation_euler')
vcam.data.keyframe_insert('lens')

scene.frame_current = 18
vcam.data.lens = 159.004037
vcam.matrix_world = (([0.990473,-0.047831,-0.129134,0.000000], [-0.119025,-0.768967,-0.628110,0.000000], [-0.069257,0.637496,-0.767335,0.000000], [78.212987,-464.430906,450.706130,1.000000])) 
vcam.keyframe_insert('location')
vcam.keyframe_insert('scale')
vcam.keyframe_insert('rotation_euler')
vcam.data.keyframe_insert('lens')

scene.frame_current = 19
vcam.data.lens = 159.004037
vcam.matrix_world = (([0.990582,-0.047294,-0.128494,0.000000], [-0.118207,-0.768988,-0.628239,0.000000], [-0.069099,0.637512,-0.767336,0.000000], [78.196894,-464.455471,450.727266,1.000000])) 
vcam.keyframe_insert('location')
vcam.keyframe_insert('scale')
vcam.keyframe_insert('rotation_euler')
vcam.data.keyframe_insert('lens')

scene.frame_current = 20
vcam.data.lens = 159.004037
vcam.matrix_world = (([0.990689,-0.046627,-0.127910,0.000000], [-0.117321,-0.769047,-0.628334,0.000000], [-0.069072,0.637490,-0.767356,0.000000], [78.244531,-464.474280,450.748013,1.000000])) 
vcam.keyframe_insert('location')
vcam.keyframe_insert('scale')
vcam.keyframe_insert('rotation_euler')
vcam.data.keyframe_insert('lens')

scene.frame_current = 21
vcam.data.lens = 159.004037
vcam.matrix_world = (([0.990652,-0.045881,-0.128466,0.000000], [-0.117083,-0.769230,-0.628154,0.000000], [-0.070000,0.637323,-0.767411,0.000000], [78.605596,-464.373593,450.719579,1.000000])) 
vcam.keyframe_insert('location')
vcam.keyframe_insert('scale')
vcam.keyframe_insert('rotation_euler')
vcam.data.keyframe_insert('lens')

scene.frame_current = 22
vcam.data.lens = 159.004037
vcam.matrix_world = (([0.990565,-0.045733,-0.129187,0.000000], [-0.117458,-0.768955,-0.628420,0.000000], [-0.070599,0.637665,-0.767071,0.000000], [78.891932,-464.516626,450.590610,1.000000])) 
vcam.keyframe_insert('location')
vcam.keyframe_insert('scale')
vcam.keyframe_insert('rotation_euler')
vcam.data.keyframe_insert('lens')

scene.frame_current = 23
vcam.data.lens = 159.004037
vcam.matrix_world = (([0.990556,-0.045429,-0.129367,0.000000], [-0.117340,-0.768963,-0.628432,0.000000], [-0.070930,0.637677,-0.767032,0.000000], [79.089794,-464.553169,450.579757,1.000000])) 
vcam.keyframe_insert('location')
vcam.keyframe_insert('scale')
vcam.keyframe_insert('rotation_euler')
vcam.data.keyframe_insert('lens')

scene.frame_current = 24
vcam.data.lens = 159.004037
vcam.matrix_world = (([0.990546,-0.045277,-0.129496,0.000000], [-0.117299,-0.769021,-0.628369,0.000000], [-0.071135,0.637618,-0.767061,0.000000], [79.250143,-464.548787,450.564942,1.000000])) 
vcam.keyframe_insert('location')
vcam.keyframe_insert('scale')
vcam.keyframe_insert('rotation_euler')
vcam.data.keyframe_insert('lens')

scene.frame_current = 25
vcam.data.lens = 159.004037
vcam.matrix_world = (([0.990614,-0.045073,-0.129041,0.000000], [-0.116834,-0.769211,-0.628223,0.000000], [-0.070944,0.637403,-0.767258,0.000000], [79.274666,-464.455383,450.575242,1.000000])) 
vcam.keyframe_insert('location')
vcam.keyframe_insert('scale')
vcam.keyframe_insert('rotation_euler')
vcam.data.keyframe_insert('lens')

scene.frame_current = 26
vcam.data.lens = 159.004037
vcam.matrix_world = (([0.990678,-0.043667,-0.129033,0.000000], [-0.115758,-0.769188,-0.628450,0.000000], [-0.071808,0.637529,-0.767073,0.000000], [79.687229,-464.580055,450.459903,1.000000])) 
vcam.keyframe_insert('location')
vcam.keyframe_insert('scale')
vcam.keyframe_insert('rotation_euler')
vcam.data.keyframe_insert('lens')

scene.frame_current = 27
vcam.data.lens = 159.004037
vcam.matrix_world = (([0.990752,-0.042749,-0.128777,0.000000], [-0.114865,-0.769452,-0.628291,0.000000], [-0.072229,0.637273,-0.767246,0.000000], [79.957121,-464.507241,450.416617,1.000000])) 
vcam.keyframe_insert('location')
vcam.keyframe_insert('scale')
vcam.keyframe_insert('rotation_euler')
vcam.data.keyframe_insert('lens')

scene.frame_current = 28
vcam.data.lens = 159.004037
vcam.matrix_world = (([0.990818,-0.041786,-0.128587,0.000000], [-0.114013,-0.769422,-0.628483,0.000000], [-0.072676,0.637373,-0.767121,0.000000], [80.262167,-464.597718,450.332317,1.000000])) 
vcam.keyframe_insert('location')
vcam.keyframe_insert('scale')
vcam.keyframe_insert('rotation_euler')
vcam.data.keyframe_insert('lens')

scene.frame_current = 29
vcam.data.lens = 159.004037
vcam.matrix_world = (([0.990947,-0.041242,-0.127765,0.000000], [-0.113045,-0.769694,-0.628325,0.000000], [-0.072426,0.637079,-0.767388,0.000000], [80.327335,-464.512056,450.386374,1.000000])) 
vcam.keyframe_insert('location')
vcam.keyframe_insert('scale')
vcam.keyframe_insert('rotation_euler')
vcam.data.keyframe_insert('lens')

scene.frame_current = 30
vcam.data.lens = 159.004037
vcam.matrix_world = (([0.990951,-0.040512,-0.127965,0.000000], [-0.112635,-0.769506,-0.628628,0.000000], [-0.073003,0.637353,-0.767106,0.000000], [80.681806,-464.648851,450.256236,1.000000])) 
vcam.keyframe_insert('location')
vcam.keyframe_insert('scale')
vcam.keyframe_insert('rotation_euler')
vcam.data.keyframe_insert('lens')

scene.frame_current = 31
vcam.data.lens = 159.004037
vcam.matrix_world = (([0.990976,-0.039961,-0.127946,0.000000], [-0.112198,-0.769551,-0.628652,0.000000], [-0.073339,0.637334,-0.767090,0.000000], [81.001386,-464.669772,450.225828,1.000000])) 
vcam.keyframe_insert('location')
vcam.keyframe_insert('scale')
vcam.keyframe_insert('rotation_euler')
vcam.data.keyframe_insert('lens')

scene.frame_current = 32
vcam.data.lens = 159.004037
vcam.matrix_world = (([0.990980,-0.039282,-0.128120,0.000000], [-0.111777,-0.769667,-0.628585,0.000000], [-0.073917,0.637236,-0.767115,0.000000], [81.421808,-464.705816,450.256245,1.000000])) 
vcam.keyframe_insert('location')
vcam.keyframe_insert('scale')
vcam.keyframe_insert('rotation_euler')
vcam.data.keyframe_insert('lens')

scene.frame_current = 33
vcam.data.lens = 159.004037
vcam.matrix_world = (([0.991066,-0.038501,-0.127696,0.000000], [-0.110909,-0.769690,-0.628710,0.000000], [-0.074081,0.637256,-0.767083,0.000000], [81.712644,-464.712484,450.233955,1.000000])) 
vcam.keyframe_insert('location')
vcam.keyframe_insert('scale')
vcam.keyframe_insert('rotation_euler')
vcam.data.keyframe_insert('lens')

scene.frame_current = 34
vcam.data.lens = 159.004037
vcam.matrix_world = (([0.991082,-0.037292,-0.127926,0.000000], [-0.110143,-0.769587,-0.628970,0.000000], [-0.074995,0.637452,-0.766832,0.000000], [82.287785,-464.846584,450.141213,1.000000])) 
vcam.keyframe_insert('location')
vcam.keyframe_insert('scale')
vcam.keyframe_insert('rotation_euler')
vcam.data.keyframe_insert('lens')

scene.frame_current = 35
vcam.data.lens = 159.004037
vcam.matrix_world = (([0.991168,-0.035960,-0.127643,0.000000], [-0.108931,-0.769718,-0.629021,0.000000], [-0.075629,0.637370,-0.766838,0.000000], [82.772902,-464.819230,450.099729,1.000000])) 
vcam.keyframe_insert('location')
vcam.keyframe_insert('scale')
vcam.keyframe_insert('rotation_euler')
vcam.data.keyframe_insert('lens')

scene.frame_current = 36
vcam.data.lens = 159.004037
vcam.matrix_world = (([0.991154,-0.035447,-0.127893,0.000000], [-0.108699,-0.769707,-0.629075,0.000000], [-0.076141,0.637412,-0.766752,0.000000], [83.256453,-464.839200,450.021867,1.000000])) 
vcam.keyframe_insert('location')
vcam.keyframe_insert('scale')
vcam.keyframe_insert('rotation_euler')
vcam.data.keyframe_insert('lens')

scene.frame_current = 37
vcam.data.lens = 159.004037
vcam.matrix_world = (([0.991323,-0.034383,-0.126874,0.000000], [-0.107234,-0.769759,-0.629263,0.000000], [-0.076026,0.637408,-0.766766,0.000000], [83.535839,-464.760160,449.920761,1.000000])) 
vcam.keyframe_insert('location')
vcam.keyframe_insert('scale')
vcam.keyframe_insert('rotation_euler')
vcam.data.keyframe_insert('lens')

scene.frame_current = 38
vcam.data.lens = 159.004037
vcam.matrix_world = (([0.991389,-0.032200,-0.126926,0.000000], [-0.105582,-0.769910,-0.629358,0.000000], [-0.077457,0.637340,-0.766680,0.000000], [84.510237,-464.788132,449.806521,1.000000])) 
vcam.keyframe_insert('location')
vcam.keyframe_insert('scale')
vcam.keyframe_insert('rotation_euler')
vcam.data.keyframe_insert('lens')

scene.frame_current = 39
vcam.data.lens = 159.004037
vcam.matrix_world = (([0.991382,-0.031828,-0.127076,0.000000], [-0.105377,-0.770043,-0.629229,0.000000], [-0.077826,0.637197,-0.766761,0.000000], [85.213869,-464.613672,449.592311,1.000000])) 
vcam.keyframe_insert('location')
vcam.keyframe_insert('scale')
vcam.keyframe_insert('rotation_euler')
vcam.data.keyframe_insert('lens')

scene.frame_current = 40
vcam.data.lens = 159.004037
vcam.matrix_world = (([0.991293,-0.031999,-0.127727,0.000000], [-0.105900,-0.770212,-0.628934,0.000000], [-0.078251,0.636985,-0.766895,0.000000], [85.823301,-464.525387,449.531819,1.000000])) 
vcam.keyframe_insert('location')
vcam.keyframe_insert('scale')
vcam.keyframe_insert('rotation_euler')
vcam.data.keyframe_insert('lens')

scene.frame_current = 41
vcam.data.lens = 159.004037
vcam.matrix_world = (([0.991368,-0.031904,-0.127165,0.000000], [-0.105468,-0.770235,-0.628979,0.000000], [-0.077880,0.636962,-0.766951,0.000000], [86.133575,-464.441628,449.415584,1.000000])) 
vcam.keyframe_insert('location')
vcam.keyframe_insert('scale')
vcam.keyframe_insert('rotation_euler')
vcam.data.keyframe_insert('lens')

scene.frame_current = 42
vcam.data.lens = 159.004037
vcam.matrix_world = (([0.991330,-0.030918,-0.127709,0.000000], [-0.105062,-0.770218,-0.629068,0.000000], [-0.078914,0.637031,-0.766788,0.000000], [86.968840,-464.317424,449.050889,1.000000])) 
vcam.keyframe_insert('location')
vcam.keyframe_insert('scale')
vcam.keyframe_insert('rotation_euler')
vcam.data.keyframe_insert('lens')

scene.frame_current = 43
vcam.data.lens = 159.004037
vcam.matrix_world = (([0.991355,-0.030326,-0.127658,0.000000], [-0.104555,-0.770399,-0.628931,0.000000], [-0.079274,0.636841,-0.766909,0.000000], [87.616285,-464.044646,448.690564,1.000000])) 
vcam.keyframe_insert('location')
vcam.keyframe_insert('scale')
vcam.keyframe_insert('rotation_euler')
vcam.data.keyframe_insert('lens')

scene.frame_current = 44
vcam.data.lens = 159.004037
vcam.matrix_world = (([0.991392,-0.029188,-0.127635,0.000000], [-0.103602,-0.770953,-0.628409,0.000000], [-0.080059,0.636222,-0.767341,0.000000], [88.534147,-463.608477,448.340008,1.000000])) 
vcam.keyframe_insert('location')
vcam.keyframe_insert('scale')
vcam.keyframe_insert('rotation_euler')
vcam.data.keyframe_insert('lens')

scene.frame_current = 45
vcam.data.lens = 159.004037
vcam.matrix_world = (([0.991395,-0.028566,-0.127748,0.000000], [-0.103124,-0.771536,-0.627772,0.000000], [-0.080629,0.635544,-0.767843,0.000000], [89.446701,-463.214630,448.125786,1.000000])) 
vcam.keyframe_insert('location')
vcam.keyframe_insert('scale')
vcam.keyframe_insert('rotation_euler')
vcam.data.keyframe_insert('lens')

scene.frame_current = 46
vcam.data.lens = 159.004037
vcam.matrix_world = (([0.991320,-0.028691,-0.128305,0.000000], [-0.103495,-0.772140,-0.626968,0.000000], [-0.081081,0.634805,-0.768407,0.000000], [90.217145,-462.748326,447.813441,1.000000])) 
vcam.keyframe_insert('location')
vcam.keyframe_insert('scale')
vcam.keyframe_insert('rotation_euler')
vcam.data.keyframe_insert('lens')

scene.frame_current = 47
vcam.data.lens = 159.004037
vcam.matrix_world = (([0.991368,-0.028350,-0.128006,0.000000], [-0.103014,-0.772383,-0.626747,0.000000], [-0.081101,0.634524,-0.768637,0.000000], [90.824349,-462.358323,447.363108,1.000000])) 
vcam.keyframe_insert('location')
vcam.keyframe_insert('scale')
vcam.keyframe_insert('rotation_euler')
vcam.data.keyframe_insert('lens')

scene.frame_current = 48
vcam.data.lens = 159.004037
vcam.matrix_world = (([0.991426,-0.027762,-0.127685,0.000000], [-0.102314,-0.772744,-0.626418,0.000000], [-0.081277,0.634111,-0.768959,0.000000], [91.558629,-461.890775,446.893888,1.000000])) 
vcam.keyframe_insert('location')
vcam.keyframe_insert('scale')
vcam.keyframe_insert('rotation_euler')
vcam.data.keyframe_insert('lens')

scene.frame_current = 49
vcam.data.lens = 159.004037
vcam.matrix_world = (([0.991549,-0.026983,-0.126895,0.000000], [-0.101244,-0.772536,-0.626847,0.000000], [-0.081117,0.634397,-0.768740,0.000000], [92.239923,-461.711622,446.388369,1.000000])) 
vcam.keyframe_insert('location')
vcam.keyframe_insert('scale')
vcam.keyframe_insert('rotation_euler')
vcam.data.keyframe_insert('lens')

scene.frame_current = 50
vcam.data.lens = 159.004037
vcam.matrix_world = (([0.991602,-0.026396,-0.126603,0.000000], [-0.100642,-0.772293,-0.627244,0.000000], [-0.081218,0.634718,-0.768464,0.000000], [92.949157,-461.505234,445.758024,1.000000])) 
vcam.keyframe_insert('location')
vcam.keyframe_insert('scale')
vcam.keyframe_insert('rotation_euler')
vcam.data.keyframe_insert('lens')

scene.frame_current = 51
vcam.data.lens = 159.004037
vcam.matrix_world = (([0.991651,-0.026607,-0.126178,0.000000], [-0.100590,-0.771858,-0.627787,0.000000], [-0.080688,0.635237,-0.768090,0.000000], [93.492658,-461.441015,445.225835,1.000000])) 
vcam.keyframe_insert('location')
vcam.keyframe_insert('scale')
vcam.keyframe_insert('rotation_euler')
vcam.data.keyframe_insert('lens')

scene.frame_current = 52
vcam.data.lens = 159.004037
vcam.matrix_world = (([0.991981,-0.027286,-0.123406,0.000000], [-0.099537,-0.770368,-0.629782,0.000000], [-0.077884,0.637015,-0.766906,0.000000], [93.378767,-461.939374,444.674068,1.000000])) 
vcam.keyframe_insert('location')
vcam.keyframe_insert('scale')
vcam.keyframe_insert('rotation_euler')
vcam.data.keyframe_insert('lens')

scene.frame_current = 53
vcam.data.lens = 159.004037
vcam.matrix_world = (([0.992245,-0.029620,-0.120721,0.000000], [-0.099672,-0.769898,-0.630335,0.000000], [-0.074272,0.637479,-0.766880,0.000000], [93.025343,-462.162086,444.671898,1.000000])) 
vcam.keyframe_insert('location')
vcam.keyframe_insert('scale')
vcam.keyframe_insert('rotation_euler')
vcam.data.keyframe_insert('lens')

scene.frame_current = 54
vcam.data.lens = 159.004037
vcam.matrix_world = (([0.992327,-0.029861,-0.119983,0.000000], [-0.099401,-0.769782,-0.630520,0.000000], [-0.073532,0.637608,-0.766843,0.000000], [93.509620,-461.934513,444.163307,1.000000])) 
vcam.keyframe_insert('location')
vcam.keyframe_insert('scale')
vcam.keyframe_insert('rotation_euler')
vcam.data.keyframe_insert('lens')

scene.frame_current = 55
vcam.data.lens = 159.004037
vcam.matrix_world = (([0.992894,-0.033048,-0.114320,0.000000], [-0.098459,-0.767693,-0.633208,0.000000], [-0.066836,0.639965,-0.765492,0.000000], [92.271444,-462.854089,443.831360,1.000000])) 
vcam.keyframe_insert('location')
vcam.keyframe_insert('scale')
vcam.keyframe_insert('rotation_euler')
vcam.data.keyframe_insert('lens')

scene.frame_current = 56
vcam.data.lens = 159.004037
vcam.matrix_world = (([0.994378,-0.042768,-0.096866,0.000000], [-0.095117,-0.762762,-0.639646,0.000000], [-0.046529,0.645264,-0.762542,0.000000], [87.050628,-466.132033,444.657664,1.000000])) 
vcam.keyframe_insert('location')
vcam.keyframe_insert('scale')
vcam.keyframe_insert('rotation_euler')
vcam.data.keyframe_insert('lens')

scene.frame_current = 57
vcam.data.lens = 159.004037
vcam.matrix_world = (([0.556745,-0.521051,0.646947,0.000000], [-0.187163,-0.837471,-0.513432,0.000000], [0.809324,0.164766,-0.563779,0.000000], [-190.816717,-322.418495,394.801455,1.000000])) 
vcam.keyframe_insert('location')
vcam.keyframe_insert('scale')
vcam.keyframe_insert('rotation_euler')
vcam.data.keyframe_insert('lens')

scene.frame_current = 58
vcam.data.lens = 159.004037
vcam.matrix_world = (([0.484410,-0.537653,0.690128,0.000000], [-0.189758,-0.834654,-0.517054,0.000000], [0.854013,0.119508,-0.506339,0.000000], [-193.433020,-306.457583,369.959752,1.000000])) 
vcam.keyframe_insert('location')
vcam.keyframe_insert('scale')
vcam.keyframe_insert('rotation_euler')
vcam.data.keyframe_insert('lens')

scene.frame_current = 59
vcam.data.lens = 159.004037
vcam.matrix_world = (([0.556745,-0.521051,0.646947,0.000000], [-0.187163,-0.837471,-0.513432,0.000000], [0.809324,0.164766,-0.563779,0.000000], [-190.816717,-322.418495,394.801455,1.000000])) 
vcam.keyframe_insert('location')
vcam.keyframe_insert('scale')
vcam.keyframe_insert('rotation_euler')
vcam.data.keyframe_insert('lens')

scene.frame_current = 60
vcam.data.lens = 159.004037
vcam.matrix_world = (([0.996393,-0.068324,-0.050321,0.000000], [-0.084561,-0.750209,-0.655771,0.000000], [0.007054,0.657661,-0.753281,0.000000], [74.920538,-475.182757,446.810308,1.000000])) 
vcam.keyframe_insert('location')
vcam.keyframe_insert('scale')
vcam.keyframe_insert('rotation_euler')
vcam.data.keyframe_insert('lens')

scene.frame_current = 61
vcam.data.lens = 159.004037
vcam.matrix_world = (([0.996111,-0.070838,-0.052401,0.000000], [-0.087848,-0.752408,-0.652813,0.000000], [0.006817,0.654877,-0.755705,0.000000], [76.311289,-474.494811,447.470628,1.000000])) 
vcam.keyframe_insert('location')
vcam.keyframe_insert('scale')
vcam.keyframe_insert('rotation_euler')
vcam.data.keyframe_insert('lens')

scene.frame_current = 62
vcam.data.lens = 159.004037
vcam.matrix_world = (([0.996239,-0.073051,-0.046602,0.000000], [-0.085683,-0.750418,-0.655386,0.000000], [0.012905,0.656914,-0.753855,0.000000], [75.792966,-476.128093,447.560195,1.000000])) 
vcam.keyframe_insert('location')
vcam.keyframe_insert('scale')
vcam.keyframe_insert('rotation_euler')
vcam.data.keyframe_insert('lens')

scene.frame_current = 63
vcam.data.lens = 159.004037
vcam.matrix_world = (([0.996346,-0.071398,-0.046867,0.000000], [-0.084604,-0.750101,-0.655889,0.000000], [0.011675,0.657458,-0.753401,0.000000], [77.633853,-476.636594,447.391399,1.000000])) 
vcam.keyframe_insert('location')
vcam.keyframe_insert('scale')
vcam.keyframe_insert('rotation_euler')
vcam.data.keyframe_insert('lens')

scene.frame_current = 64
vcam.data.lens = 159.004037
vcam.matrix_world = (([0.996348,-0.071409,-0.046814,0.000000], [-0.084588,-0.750691,-0.655216,0.000000], [0.011645,0.656783,-0.753990,0.000000], [79.185794,-477.116559,447.956992,1.000000])) 
vcam.keyframe_insert('location')
vcam.keyframe_insert('scale')
vcam.keyframe_insert('rotation_euler')
vcam.data.keyframe_insert('lens')

scene.frame_current = 65
vcam.data.lens = 159.004037
vcam.matrix_world = (([0.996223,-0.073253,-0.046623,0.000000], [-0.085869,-0.751363,-0.654278,0.000000], [0.012897,0.655811,-0.754815,0.000000], [80.342225,-477.250222,448.379793,1.000000])) 
vcam.keyframe_insert('location')
vcam.keyframe_insert('scale')
vcam.keyframe_insert('rotation_euler')
vcam.data.keyframe_insert('lens')

scene.frame_current = 66
vcam.data.lens = 159.004037
vcam.matrix_world = (([0.442540,-0.563458,0.697620,0.000000], [-0.174729,-0.817213,-0.549211,0.000000], [0.879561,0.121154,-0.460102,0.000000], [-211.268303,-316.661733,371.015434,1.000000])) 
vcam.keyframe_insert('location')
vcam.keyframe_insert('scale')
vcam.keyframe_insert('rotation_euler')
vcam.data.keyframe_insert('lens')

scene.frame_current = 67
vcam.data.lens = 159.004037
vcam.matrix_world = (([0.322020,-0.581085,0.747425,0.000000], [-0.197077,-0.813327,-0.547412,0.000000], [0.925994,0.028977,-0.376426,0.000000], [-199.374154,-285.193541,332.837158,1.000000])) 
vcam.keyframe_insert('location')
vcam.keyframe_insert('scale')
vcam.keyframe_insert('rotation_euler')
vcam.data.keyframe_insert('lens')

scene.frame_current = 68
vcam.data.lens = 159.004037
vcam.matrix_world = (([0.306394,-0.581452,0.753681,0.000000], [-0.199078,-0.813394,-0.546588,0.000000], [0.930855,0.017430,-0.364974,0.000000], [-199.296035,-282.592802,330.010009,1.000000])) 
vcam.keyframe_insert('location')
vcam.keyframe_insert('scale')
vcam.keyframe_insert('rotation_euler')
vcam.data.keyframe_insert('lens')

scene.frame_current = 69
vcam.data.lens = 159.004037
vcam.matrix_world = (([0.283517,-0.581671,0.762415,0.000000], [-0.202417,-0.813424,-0.545315,0.000000], [0.937361,0.000280,-0.348360,0.000000], [-194.203548,-277.865742,323.365699,1.000000])) 
vcam.keyframe_insert('location')
vcam.keyframe_insert('scale')
vcam.keyframe_insert('rotation_euler')
vcam.data.keyframe_insert('lens')

scene.frame_current = 70
vcam.data.lens = 159.004037
vcam.matrix_world = (([0.276177,-0.579582,0.766688,0.000000], [-0.205255,-0.814878,-0.542074,0.000000], [0.938934,-0.007658,-0.344013,0.000000], [-193.247567,-276.466423,322.773351,1.000000])) 
vcam.keyframe_insert('location')
vcam.keyframe_insert('scale')
vcam.keyframe_insert('rotation_euler')
vcam.data.keyframe_insert('lens')

scene.frame_current = 71
vcam.data.lens = 159.004037
vcam.matrix_world = (([0.269366,-0.580082,0.768731,0.000000], [-0.205763,-0.814469,-0.542496,0.000000], [0.940799,-0.012046,-0.338750,0.000000], [-192.846123,-275.998737,322.058324,1.000000])) 
vcam.keyframe_insert('location')
vcam.keyframe_insert('scale')
vcam.keyframe_insert('rotation_euler')
vcam.data.keyframe_insert('lens')

scene.frame_current = 72
vcam.data.lens = 159.004037
vcam.matrix_world = (([0.263445,-0.580618,0.770376,0.000000], [-0.206927,-0.814010,-0.542742,0.000000], [0.942220,-0.016429,-0.334592,0.000000], [-192.031528,-275.486549,321.496776,1.000000])) 
vcam.keyframe_insert('location')
vcam.keyframe_insert('scale')
vcam.keyframe_insert('rotation_euler')
vcam.data.keyframe_insert('lens')

scene.frame_current = 73
vcam.data.lens = 159.004037
vcam.matrix_world = (([0.258972,-0.581290,0.771385,0.000000], [-0.206481,-0.813487,-0.543696,0.000000], [0.943557,-0.018474,-0.330696,0.000000], [-191.626259,-275.505354,321.139120,1.000000])) 
vcam.keyframe_insert('location')
vcam.keyframe_insert('scale')
vcam.keyframe_insert('rotation_euler')
vcam.data.keyframe_insert('lens')

scene.frame_current = 74
vcam.data.lens = 159.004037
vcam.matrix_world = (([0.252552,-0.580373,0.774200,0.000000], [-0.208169,-0.813991,-0.542295,0.000000], [0.944925,-0.024206,-0.326390,0.000000], [-190.173436,-274.610044,320.188182,1.000000])) 
vcam.keyframe_insert('location')
vcam.keyframe_insert('scale')
vcam.keyframe_insert('rotation_euler')
vcam.data.keyframe_insert('lens')

scene.frame_current = 75
vcam.data.lens = 159.004037
vcam.matrix_world = (([0.248397,-0.580117,0.775734,0.000000], [-0.208723,-0.814076,-0.541955,0.000000], [0.945904,-0.027293,-0.323298,0.000000], [-189.220829,-274.305631,319.716421,1.000000])) 
vcam.keyframe_insert('location')
vcam.keyframe_insert('scale')
vcam.keyframe_insert('rotation_euler')
vcam.data.keyframe_insert('lens')

scene.frame_current = 76
vcam.data.lens = 159.004037
vcam.matrix_world = (([0.244369,-0.580768,0.776526,0.000000], [-0.209156,-0.813523,-0.542618,0.000000], [0.946857,-0.029816,-0.320271,0.000000], [-188.462554,-274.146309,319.302178,1.000000])) 
vcam.keyframe_insert('location')
vcam.keyframe_insert('scale')
vcam.keyframe_insert('rotation_euler')
vcam.data.keyframe_insert('lens')

scene.frame_current = 77
vcam.data.lens = 159.004037
vcam.matrix_world = (([0.240797,-0.581957,0.776752,0.000000], [-0.209065,-0.812614,-0.544014,0.000000], [0.947791,-0.031395,-0.317342,0.000000], [-187.468373,-274.098366,318.815563,1.000000])) 
vcam.keyframe_insert('location')
vcam.keyframe_insert('scale')
vcam.keyframe_insert('rotation_euler')
vcam.data.keyframe_insert('lens')

scene.frame_current = 78
vcam.data.lens = 159.004037
vcam.matrix_world = (([0.237171,-0.581549,0.778171,0.000000], [-0.209393,-0.812800,-0.543610,0.000000], [0.948633,-0.034015,-0.314545,0.000000], [-187.086552,-273.964977,318.592417,1.000000])) 
vcam.keyframe_insert('location')
vcam.keyframe_insert('scale')
vcam.keyframe_insert('rotation_euler')
vcam.data.keyframe_insert('lens')

scene.frame_current = 79
vcam.data.lens = 159.004037
vcam.matrix_world = (([0.233967,-0.579982,0.780308,0.000000], [-0.208999,-0.813824,-0.542228,0.000000], [0.949515,-0.036220,-0.311623,0.000000], [-185.787566,-273.854408,318.052437,1.000000])) 
vcam.keyframe_insert('location')
vcam.keyframe_insert('scale')
vcam.keyframe_insert('rotation_euler')
vcam.data.keyframe_insert('lens')

scene.frame_current = 80
vcam.data.lens = 159.004037
vcam.matrix_world = (([0.230860,-0.577245,0.783257,0.000000], [-0.208238,-0.815663,-0.539750,0.000000], [0.950442,-0.038497,-0.308509,0.000000], [-184.339295,-273.737450,317.503830,1.000000])) 
vcam.keyframe_insert('location')
vcam.keyframe_insert('scale')
vcam.keyframe_insert('rotation_euler')
vcam.data.keyframe_insert('lens')

scene.frame_current = 81
vcam.data.lens = 159.004037
vcam.matrix_world = (([0.227731,-0.573815,0.786686,0.000000], [-0.206859,-0.817983,-0.536762,0.000000], [0.951498,-0.040495,-0.304979,0.000000], [-182.566209,-273.593804,316.853465,1.000000])) 
vcam.keyframe_insert('location')
vcam.keyframe_insert('scale')
vcam.keyframe_insert('rotation_euler')
vcam.data.keyframe_insert('lens')

scene.frame_current = 82
vcam.data.lens = 159.004037
vcam.matrix_world = (([0.224007,-0.571317,0.789568,0.000000], [-0.206334,-0.819592,-0.534504,0.000000], [0.952495,-0.043182,-0.301477,0.000000], [-181.310640,-273.516818,316.407971,1.000000])) 
vcam.keyframe_insert('location')
vcam.keyframe_insert('scale')
vcam.keyframe_insert('rotation_euler')
vcam.data.keyframe_insert('lens')

scene.frame_current = 83
vcam.data.lens = 159.004037
vcam.matrix_world = (([0.220284,-0.569448,0.791962,0.000000], [-0.205867,-0.820759,-0.532892,0.000000], [0.953464,-0.045651,-0.298030,0.000000], [-180.137674,-273.431441,315.996384,1.000000])) 
vcam.keyframe_insert('location')
vcam.keyframe_insert('scale')
vcam.keyframe_insert('rotation_euler')
vcam.data.keyframe_insert('lens')

scene.frame_current = 84
vcam.data.lens = 159.004037
vcam.matrix_world = (([0.216436,-0.567457,0.794448,0.000000], [-0.205546,-0.821983,-0.531127,0.000000], [0.954414,-0.048341,-0.294545,0.000000], [-178.279861,-273.340359,315.323187,1.000000])) 
vcam.keyframe_insert('location')
vcam.keyframe_insert('scale')
vcam.keyframe_insert('rotation_euler')
vcam.data.keyframe_insert('lens')

scene.frame_current = 85
vcam.data.lens = 159.004037
vcam.matrix_world = (([0.212885,-0.563104,0.798494,0.000000], [-0.204442,-0.824809,-0.527156,0.000000], [0.955449,-0.051022,-0.290712,0.000000], [-176.661617,-273.224997,314.773220,1.000000])) 
vcam.keyframe_insert('location')
vcam.keyframe_insert('scale')
vcam.keyframe_insert('rotation_euler')
vcam.data.keyframe_insert('lens')

scene.frame_current = 86
vcam.data.lens = 159.004037
vcam.matrix_world = (([0.208290,-0.557857,0.803375,0.000000], [-0.203516,-0.828132,-0.522283,0.000000], [0.956659,-0.054713,-0.286025,0.000000], [-172.156909,-273.148179,313.174507,1.000000])) 
vcam.keyframe_insert('location')
vcam.keyframe_insert('scale')
vcam.keyframe_insert('rotation_euler')
vcam.data.keyframe_insert('lens')

scene.frame_current = 87
vcam.data.lens = 159.004037
vcam.matrix_world = (([0.203541,-0.553061,0.807895,0.000000], [-0.202672,-0.831096,-0.517883,0.000000], [0.957860,-0.058327,-0.281252,0.000000], [-169.416481,-273.110707,312.315431,1.000000])) 
vcam.keyframe_insert('location')
vcam.keyframe_insert('scale')
vcam.keyframe_insert('rotation_euler')
vcam.data.keyframe_insert('lens')

scene.frame_current = 88
vcam.data.lens = 159.004037
vcam.matrix_world = (([0.197203,-0.551826,0.810308,0.000000], [-0.202467,-0.831645,-0.517082,0.000000], [0.959228,-0.062091,-0.275729,0.000000], [-164.014758,-273.246400,310.539728,1.000000])) 
vcam.keyframe_insert('location')
vcam.keyframe_insert('scale')
vcam.keyframe_insert('rotation_euler')
vcam.data.keyframe_insert('lens')

scene.frame_current = 89
vcam.data.lens = 159.004037
vcam.matrix_world = (([0.191383,-0.548942,0.813656,0.000000], [-0.201748,-0.833279,-0.514727,0.000000], [0.960557,-0.065643,-0.270224,0.000000], [-161.205767,-273.286080,309.716088,1.000000])) 
vcam.keyframe_insert('location')
vcam.keyframe_insert('scale')
vcam.keyframe_insert('rotation_euler')
vcam.data.keyframe_insert('lens')

scene.frame_current = 90
vcam.data.lens = 159.004037
vcam.matrix_world = (([0.184078,-0.548820,0.815421,0.000000], [-0.202379,-0.832985,-0.514956,0.000000], [0.961851,-0.070232,-0.264403,0.000000], [-155.320720,-273.470536,308.057116,1.000000])) 
vcam.keyframe_insert('location')
vcam.keyframe_insert('scale')
vcam.keyframe_insert('rotation_euler')
vcam.data.keyframe_insert('lens')

scene.frame_current = 91
vcam.data.lens = 159.004037
vcam.matrix_world = (([0.178994,-0.538987,0.823076,0.000000], [-0.200630,-0.839004,-0.505786,0.000000], [0.963176,-0.074601,-0.258314,0.000000], [-150.919140,-273.556698,307.022640,1.000000])) 
vcam.keyframe_insert('location')
vcam.keyframe_insert('scale')
vcam.keyframe_insert('rotation_euler')
vcam.data.keyframe_insert('lens')

scene.frame_current = 92
vcam.data.lens = 159.004037
vcam.matrix_world = (([0.173080,-0.530959,0.829533,0.000000], [-0.199087,-0.843719,-0.498500,0.000000], [0.964576,-0.078869,-0.251738,0.000000], [-147.019527,-273.709603,306.177463,1.000000])) 
vcam.keyframe_insert('location')
vcam.keyframe_insert('scale')
vcam.keyframe_insert('rotation_euler')
vcam.data.keyframe_insert('lens')

scene.frame_current = 93
vcam.data.lens = 159.004037
vcam.matrix_world = (([0.165507,-0.530057,0.831653,0.000000], [-0.198684,-0.843914,-0.498331,0.000000], [0.965988,-0.082759,-0.244988,0.000000], [-144.427279,-274.115331,305.596316,1.000000])) 
vcam.keyframe_insert('location')
vcam.keyframe_insert('scale')
vcam.keyframe_insert('rotation_euler')
vcam.data.keyframe_insert('lens')

scene.frame_current = 94
vcam.data.lens = 159.004037
vcam.matrix_world = (([0.157226,-0.528481,0.834259,0.000000], [-0.199038,-0.844388,-0.497386,0.000000], [0.967297,-0.087847,-0.237948,0.000000], [-141.579807,-274.393252,305.066265,1.000000])) 
vcam.keyframe_insert('location')
vcam.keyframe_insert('scale')
vcam.keyframe_insert('rotation_euler')
vcam.data.keyframe_insert('lens')

scene.frame_current = 95
vcam.data.lens = 159.004037
vcam.matrix_world = (([0.150056,-0.522720,0.839194,0.000000], [-0.198117,-0.847486,-0.492460,0.000000], [0.968624,-0.092362,-0.230730,0.000000], [-137.563481,-274.909426,304.244554,1.000000])) 
vcam.keyframe_insert('location')
vcam.keyframe_insert('scale')
vcam.keyframe_insert('rotation_euler')
vcam.data.keyframe_insert('lens')

scene.frame_current = 96
vcam.data.lens = 159.004037
vcam.matrix_world = (([0.142278,-0.520000,0.842233,0.000000], [-0.197747,-0.848669,-0.490568,0.000000], [0.969873,-0.096751,-0.223575,0.000000], [-131.680228,-275.646586,303.012377,1.000000])) 
vcam.keyframe_insert('location')
vcam.keyframe_insert('scale')
vcam.keyframe_insert('rotation_euler')
vcam.data.keyframe_insert('lens')

scene.frame_current = 97
vcam.data.lens = 159.004037
vcam.matrix_world = (([0.137227,-0.507231,0.850814,0.000000], [-0.194823,-0.855984,-0.478890,0.000000], [0.971191,-0.100042,-0.216285,0.000000], [-122.748504,-276.510376,301.156504,1.000000])) 
vcam.keyframe_insert('location')
vcam.keyframe_insert('scale')
vcam.keyframe_insert('rotation_euler')
vcam.data.keyframe_insert('lens')

scene.frame_current = 98
vcam.data.lens = 159.004037
vcam.matrix_world = (([0.124091,-0.520078,0.845056,0.000000], [-0.197898,-0.847501,-0.492523,0.000000], [0.972336,-0.106117,-0.208089,0.000000], [-120.137351,-277.187066,300.627998,1.000000])) 
vcam.keyframe_insert('location')
vcam.keyframe_insert('scale')
vcam.keyframe_insert('rotation_euler')
vcam.data.keyframe_insert('lens')

scene.frame_current = 99
vcam.data.lens = 159.004037
vcam.matrix_world = (([-0.088487,-0.421225,0.902629,0.000000], [-0.047342,-0.903381,-0.426217,0.000000], [0.994952,-0.080447,0.059996,0.000000], [-122.003706,-281.667952,271.887218,1.000000])) 
