# blender export (blender version 2.5x and higher)
# created by voodoo camera tracker - www.digilab.uni-hannover.de
# Creation date: Tue Jun 25 17:18:08 2019
# USAGE: load this python script into Blender's text editor and execute the script with ALT-P
#        use the 'voodoo_render_cam' for rendering your scene
#        use the helper object 'voodoo_scene' to rotate, translate and scale the scene

import bpy
import mathutils
import string
import math
scene = bpy.context.scene
dummy = bpy.data.objects.new('voodoo_scene', None)
dummy.location = (0.0, 0.0, 0.0)
dummy.rotation_euler = ( -3.141593/2, 0.0, 0.0)
dummy.scale = (0.2, 0.2, 0.2)
scene.objects.link(dummy)
data = bpy.data.cameras.new('voodoo_render_cam')
data.lens_unit = 'DEGREES'
vcam = bpy.data.objects.new('voodoo_render_cam', data)
vcam.location = (0.0, 0.0, 0.0)
vcam.rotation_euler = (0.0, 0.0, 0.0)
vcam.scale = (1.0, 1.0, 1.0)
data.lens = 35.0
data.shift_x = 0.0
data.shift_y = 0.0
data.dof_distance = 0.0
data.clip_start = 0.1
data.clip_end = 1000.0
data.draw_size = 0.5
scene.objects.link(vcam)
vcam.parent = dummy
data = bpy.data.meshes.new('voodoo_FP3D_cloud')
mesh = bpy.data.objects.new('voodoo_FP3D_cloud', data)
mesh.location = (0.0, 0.0, 0.0)
mesh.rotation_euler = (0.0, 0.0, 0.0)
mesh.scale = (1.0, 1.0, 1.0)
scene.objects.link(mesh)
mesh.parent = dummy

#Camera Parameters
scene.frame_current = 1
vcam.data.lens = 16.131015
vcam.matrix_world = (([1.000000,-0.000051,-0.000061,0.000000], [-0.000052,-0.999953,-0.009686,0.000000], [-0.000061,0.009686,-0.999953,0.000000], [-0.096152,-0.076227,0.141147,1.000000])) 
vcam.keyframe_insert('location')
vcam.keyframe_insert('scale')
vcam.keyframe_insert('rotation_euler')
vcam.data.keyframe_insert('lens')

scene.frame_current = 2
vcam.data.lens = 16.131015
vcam.matrix_world = (([1.000000,-0.000051,-0.000061,0.000000], [-0.000052,-0.999953,-0.009686,0.000000], [-0.000061,0.009686,-0.999953,0.000000], [-0.096152,-0.076227,0.141147,1.000000])) 
vcam.keyframe_insert('location')
vcam.keyframe_insert('scale')
vcam.keyframe_insert('rotation_euler')
vcam.data.keyframe_insert('lens')

scene.frame_current = 3
vcam.data.lens = 16.131015
vcam.matrix_world = (([1.000000,-0.000051,-0.000061,0.000000], [-0.000052,-0.999953,-0.009686,0.000000], [-0.000061,0.009686,-0.999953,0.000000], [-0.096152,-0.076227,0.141147,1.000000])) 
vcam.keyframe_insert('location')
vcam.keyframe_insert('scale')
vcam.keyframe_insert('rotation_euler')
vcam.data.keyframe_insert('lens')

scene.frame_current = 4
vcam.data.lens = 16.131015
vcam.matrix_world = (([1.000000,-0.000051,-0.000061,0.000000], [-0.000052,-0.999953,-0.009686,0.000000], [-0.000061,0.009686,-0.999953,0.000000], [-0.096152,-0.076227,0.141147,1.000000])) 
vcam.keyframe_insert('location')
vcam.keyframe_insert('scale')
vcam.keyframe_insert('rotation_euler')
vcam.data.keyframe_insert('lens')

scene.frame_current = 5
vcam.data.lens = 16.131015
vcam.matrix_world = (([1.000000,-0.000051,-0.000061,0.000000], [-0.000052,-0.999953,-0.009686,0.000000], [-0.000061,0.009686,-0.999953,0.000000], [-0.096152,-0.076227,0.141147,1.000000])) 
vcam.keyframe_insert('location')
vcam.keyframe_insert('scale')
vcam.keyframe_insert('rotation_euler')
vcam.data.keyframe_insert('lens')

scene.frame_current = 6
vcam.data.lens = 16.131015
vcam.matrix_world = (([1.000000,-0.000051,-0.000061,0.000000], [-0.000052,-0.999953,-0.009686,0.000000], [-0.000061,0.009686,-0.999953,0.000000], [-0.096152,-0.076227,0.141147,1.000000])) 
vcam.keyframe_insert('location')
vcam.keyframe_insert('scale')
vcam.keyframe_insert('rotation_euler')
vcam.data.keyframe_insert('lens')

scene.frame_current = 7
vcam.data.lens = 16.131015
vcam.matrix_world = (([1.000000,-0.000051,-0.000061,0.000000], [-0.000052,-0.999953,-0.009686,0.000000], [-0.000061,0.009686,-0.999953,0.000000], [-0.096152,-0.076227,0.141147,1.000000])) 
vcam.keyframe_insert('location')
vcam.keyframe_insert('scale')
vcam.keyframe_insert('rotation_euler')
vcam.data.keyframe_insert('lens')

scene.frame_current = 8
vcam.data.lens = 16.131015
vcam.matrix_world = (([1.000000,-0.000051,-0.000061,0.000000], [-0.000052,-0.999953,-0.009686,0.000000], [-0.000061,0.009686,-0.999953,0.000000], [-0.096152,-0.076227,0.141147,1.000000])) 
vcam.keyframe_insert('location')
vcam.keyframe_insert('scale')
vcam.keyframe_insert('rotation_euler')
vcam.data.keyframe_insert('lens')

scene.frame_current = 9
vcam.data.lens = 16.131015
vcam.matrix_world = (([1.000000,-0.000051,-0.000061,0.000000], [-0.000052,-0.999953,-0.009686,0.000000], [-0.000061,0.009686,-0.999953,0.000000], [-0.096152,-0.076227,0.141147,1.000000])) 
vcam.keyframe_insert('location')
vcam.keyframe_insert('scale')
vcam.keyframe_insert('rotation_euler')
vcam.data.keyframe_insert('lens')

scene.frame_current = 10
vcam.data.lens = 16.131015
vcam.matrix_world = (([1.000000,-0.000051,-0.000061,0.000000], [-0.000052,-0.999953,-0.009686,0.000000], [-0.000061,0.009686,-0.999953,0.000000], [-0.096152,-0.076227,0.141147,1.000000])) 
vcam.keyframe_insert('location')
vcam.keyframe_insert('scale')
vcam.keyframe_insert('rotation_euler')
vcam.data.keyframe_insert('lens')

scene.frame_current = 11
vcam.data.lens = 16.131015
vcam.matrix_world = (([1.000000,-0.000051,-0.000061,0.000000], [-0.000052,-0.999953,-0.009686,0.000000], [-0.000061,0.009686,-0.999953,0.000000], [-0.096152,-0.076227,0.141147,1.000000])) 
vcam.keyframe_insert('location')
vcam.keyframe_insert('scale')
vcam.keyframe_insert('rotation_euler')
vcam.data.keyframe_insert('lens')

scene.frame_current = 12
vcam.data.lens = 16.131015
vcam.matrix_world = (([1.000000,-0.000051,-0.000061,0.000000], [-0.000052,-0.999953,-0.009686,0.000000], [-0.000061,0.009686,-0.999953,0.000000], [-0.096152,-0.076227,0.141147,1.000000])) 
vcam.keyframe_insert('location')
vcam.keyframe_insert('scale')
vcam.keyframe_insert('rotation_euler')
vcam.data.keyframe_insert('lens')

scene.frame_current = 13
vcam.data.lens = 16.131015
vcam.matrix_world = (([1.000000,-0.000051,-0.000061,0.000000], [-0.000052,-0.999953,-0.009686,0.000000], [-0.000061,0.009686,-0.999953,0.000000], [-0.096152,-0.076227,0.141147,1.000000])) 
vcam.keyframe_insert('location')
vcam.keyframe_insert('scale')
vcam.keyframe_insert('rotation_euler')
vcam.data.keyframe_insert('lens')

scene.frame_current = 14
vcam.data.lens = 16.131015
vcam.matrix_world = (([1.000000,-0.000051,-0.000061,0.000000], [-0.000052,-0.999953,-0.009686,0.000000], [-0.000061,0.009686,-0.999953,0.000000], [-0.096152,-0.076227,0.141147,1.000000])) 
vcam.keyframe_insert('location')
vcam.keyframe_insert('scale')
vcam.keyframe_insert('rotation_euler')
vcam.data.keyframe_insert('lens')

scene.frame_current = 15
vcam.data.lens = 16.131015
vcam.matrix_world = (([1.000000,-0.000051,-0.000061,0.000000], [-0.000052,-0.999953,-0.009686,0.000000], [-0.000061,0.009686,-0.999953,0.000000], [-0.096152,-0.076227,0.141147,1.000000])) 
vcam.keyframe_insert('location')
vcam.keyframe_insert('scale')
vcam.keyframe_insert('rotation_euler')
vcam.data.keyframe_insert('lens')

scene.frame_current = 16
vcam.data.lens = 16.131015
vcam.matrix_world = (([1.000000,-0.000051,-0.000061,0.000000], [-0.000052,-0.999953,-0.009686,0.000000], [-0.000061,0.009686,-0.999953,0.000000], [-0.096152,-0.076227,0.141147,1.000000])) 
vcam.keyframe_insert('location')
vcam.keyframe_insert('scale')
vcam.keyframe_insert('rotation_euler')
vcam.data.keyframe_insert('lens')

scene.frame_current = 17
vcam.data.lens = 16.131015
vcam.matrix_world = (([1.000000,-0.000051,-0.000061,0.000000], [-0.000052,-0.999953,-0.009686,0.000000], [-0.000061,0.009686,-0.999953,0.000000], [-0.096152,-0.076227,0.141147,1.000000])) 
vcam.keyframe_insert('location')
vcam.keyframe_insert('scale')
vcam.keyframe_insert('rotation_euler')
vcam.data.keyframe_insert('lens')

scene.frame_current = 18
vcam.data.lens = 16.131015
vcam.matrix_world = (([1.000000,-0.000051,-0.000061,0.000000], [-0.000052,-0.999953,-0.009686,0.000000], [-0.000061,0.009686,-0.999953,0.000000], [-0.096152,-0.076227,0.141147,1.000000])) 
vcam.keyframe_insert('location')
vcam.keyframe_insert('scale')
vcam.keyframe_insert('rotation_euler')
vcam.data.keyframe_insert('lens')

scene.frame_current = 19
vcam.data.lens = 16.131015
vcam.matrix_world = (([1.000000,-0.000051,-0.000061,0.000000], [-0.000052,-0.999953,-0.009686,0.000000], [-0.000061,0.009686,-0.999953,0.000000], [-0.096152,-0.076227,0.141147,1.000000])) 
vcam.keyframe_insert('location')
vcam.keyframe_insert('scale')
vcam.keyframe_insert('rotation_euler')
vcam.data.keyframe_insert('lens')

scene.frame_current = 20
vcam.data.lens = 16.131015
vcam.matrix_world = (([1.000000,-0.000051,-0.000061,0.000000], [-0.000052,-0.999953,-0.009686,0.000000], [-0.000061,0.009686,-0.999953,0.000000], [-0.096152,-0.076227,0.141147,1.000000])) 
vcam.keyframe_insert('location')
vcam.keyframe_insert('scale')
vcam.keyframe_insert('rotation_euler')
vcam.data.keyframe_insert('lens')

scene.frame_current = 21
vcam.data.lens = 16.131015
vcam.matrix_world = (([1.000000,-0.000051,-0.000061,0.000000], [-0.000052,-0.999953,-0.009686,0.000000], [-0.000061,0.009686,-0.999953,0.000000], [-0.096152,-0.076227,0.141147,1.000000])) 
vcam.keyframe_insert('location')
vcam.keyframe_insert('scale')
vcam.keyframe_insert('rotation_euler')
vcam.data.keyframe_insert('lens')

scene.frame_current = 22
vcam.data.lens = 16.131015
vcam.matrix_world = (([1.000000,-0.000051,-0.000061,0.000000], [-0.000052,-0.999953,-0.009686,0.000000], [-0.000061,0.009686,-0.999953,0.000000], [-0.096152,-0.076227,0.141147,1.000000])) 
vcam.keyframe_insert('location')
vcam.keyframe_insert('scale')
vcam.keyframe_insert('rotation_euler')
vcam.data.keyframe_insert('lens')

scene.frame_current = 23
vcam.data.lens = 16.131015
vcam.matrix_world = (([1.000000,-0.000051,-0.000061,0.000000], [-0.000052,-0.999953,-0.009686,0.000000], [-0.000061,0.009686,-0.999953,0.000000], [-0.096152,-0.076227,0.141147,1.000000])) 
vcam.keyframe_insert('location')
vcam.keyframe_insert('scale')
vcam.keyframe_insert('rotation_euler')
vcam.data.keyframe_insert('lens')

scene.frame_current = 24
vcam.data.lens = 16.131015
vcam.matrix_world = (([1.000000,-0.000051,-0.000061,0.000000], [-0.000052,-0.999953,-0.009686,0.000000], [-0.000061,0.009686,-0.999953,0.000000], [-0.096152,-0.076227,0.141147,1.000000])) 
vcam.keyframe_insert('location')
vcam.keyframe_insert('scale')
vcam.keyframe_insert('rotation_euler')
vcam.data.keyframe_insert('lens')

scene.frame_current = 25
vcam.data.lens = 16.131015
vcam.matrix_world = (([1.000000,-0.000051,-0.000061,0.000000], [-0.000052,-0.999953,-0.009686,0.000000], [-0.000061,0.009686,-0.999953,0.000000], [-0.096152,-0.076227,0.141147,1.000000])) 
vcam.keyframe_insert('location')
vcam.keyframe_insert('scale')
vcam.keyframe_insert('rotation_euler')
vcam.data.keyframe_insert('lens')

scene.frame_current = 26
vcam.data.lens = 16.131015
vcam.matrix_world = (([1.000000,-0.000051,-0.000061,0.000000], [-0.000052,-0.999953,-0.009686,0.000000], [-0.000061,0.009686,-0.999953,0.000000], [-0.096152,-0.076227,0.141147,1.000000])) 
vcam.keyframe_insert('location')
vcam.keyframe_insert('scale')
vcam.keyframe_insert('rotation_euler')
vcam.data.keyframe_insert('lens')

scene.frame_current = 27
vcam.data.lens = 16.131015
vcam.matrix_world = (([1.000000,-0.000051,-0.000061,0.000000], [-0.000052,-0.999953,-0.009686,0.000000], [-0.000061,0.009686,-0.999953,0.000000], [-0.096152,-0.076227,0.141147,1.000000])) 
vcam.keyframe_insert('location')
vcam.keyframe_insert('scale')
vcam.keyframe_insert('rotation_euler')
vcam.data.keyframe_insert('lens')

scene.frame_current = 28
vcam.data.lens = 16.131015
vcam.matrix_world = (([1.000000,-0.000051,-0.000061,0.000000], [-0.000052,-0.999953,-0.009686,0.000000], [-0.000061,0.009686,-0.999953,0.000000], [-0.096152,-0.076227,0.141147,1.000000])) 
vcam.keyframe_insert('location')
vcam.keyframe_insert('scale')
vcam.keyframe_insert('rotation_euler')
vcam.data.keyframe_insert('lens')

scene.frame_current = 29
vcam.data.lens = 16.131015
vcam.matrix_world = (([1.000000,-0.000051,-0.000061,0.000000], [-0.000052,-0.999953,-0.009686,0.000000], [-0.000061,0.009686,-0.999953,0.000000], [-0.096152,-0.076227,0.141147,1.000000])) 
vcam.keyframe_insert('location')
vcam.keyframe_insert('scale')
vcam.keyframe_insert('rotation_euler')
vcam.data.keyframe_insert('lens')

scene.frame_current = 30
vcam.data.lens = 16.131015
vcam.matrix_world = (([1.000000,-0.000051,-0.000061,0.000000], [-0.000052,-0.999953,-0.009686,0.000000], [-0.000061,0.009686,-0.999953,0.000000], [-0.096152,-0.076227,0.141147,1.000000])) 
vcam.keyframe_insert('location')
vcam.keyframe_insert('scale')
vcam.keyframe_insert('rotation_euler')
vcam.data.keyframe_insert('lens')

scene.frame_current = 31
vcam.data.lens = 16.131015
vcam.matrix_world = (([1.000000,-0.000051,-0.000061,0.000000], [-0.000052,-0.999953,-0.009686,0.000000], [-0.000061,0.009686,-0.999953,0.000000], [-0.096152,-0.076227,0.141147,1.000000])) 
vcam.keyframe_insert('location')
vcam.keyframe_insert('scale')
vcam.keyframe_insert('rotation_euler')
vcam.data.keyframe_insert('lens')

scene.frame_current = 32
vcam.data.lens = 16.131015
vcam.matrix_world = (([1.000000,-0.000051,-0.000061,0.000000], [-0.000052,-0.999953,-0.009686,0.000000], [-0.000061,0.009686,-0.999953,0.000000], [-0.096152,-0.076227,0.141147,1.000000])) 
vcam.keyframe_insert('location')
vcam.keyframe_insert('scale')
vcam.keyframe_insert('rotation_euler')
vcam.data.keyframe_insert('lens')

scene.frame_current = 33
vcam.data.lens = 16.131015
vcam.matrix_world = (([1.000000,-0.000051,-0.000061,0.000000], [-0.000052,-0.999953,-0.009686,0.000000], [-0.000061,0.009686,-0.999953,0.000000], [-0.096152,-0.076227,0.141147,1.000000])) 
vcam.keyframe_insert('location')
vcam.keyframe_insert('scale')
vcam.keyframe_insert('rotation_euler')
vcam.data.keyframe_insert('lens')

scene.frame_current = 34
vcam.data.lens = 16.131015
vcam.matrix_world = (([1.000000,-0.000051,-0.000061,0.000000], [-0.000052,-0.999953,-0.009686,0.000000], [-0.000061,0.009686,-0.999953,0.000000], [-0.096152,-0.076227,0.141147,1.000000])) 
vcam.keyframe_insert('location')
vcam.keyframe_insert('scale')
vcam.keyframe_insert('rotation_euler')
vcam.data.keyframe_insert('lens')

scene.frame_current = 35
vcam.data.lens = 16.131015
vcam.matrix_world = (([1.000000,-0.000051,-0.000061,0.000000], [-0.000052,-0.999953,-0.009686,0.000000], [-0.000061,0.009686,-0.999953,0.000000], [-0.096152,-0.076227,0.141147,1.000000])) 
vcam.keyframe_insert('location')
vcam.keyframe_insert('scale')
vcam.keyframe_insert('rotation_euler')
vcam.data.keyframe_insert('lens')

scene.frame_current = 36
vcam.data.lens = 16.131015
vcam.matrix_world = (([1.000000,-0.000051,-0.000061,0.000000], [-0.000052,-0.999953,-0.009686,0.000000], [-0.000061,0.009686,-0.999953,0.000000], [-0.096152,-0.076227,0.141147,1.000000])) 
vcam.keyframe_insert('location')
vcam.keyframe_insert('scale')
vcam.keyframe_insert('rotation_euler')
vcam.data.keyframe_insert('lens')

scene.frame_current = 37
vcam.data.lens = 16.131015
vcam.matrix_world = (([1.000000,-0.000051,-0.000061,0.000000], [-0.000052,-0.999953,-0.009686,0.000000], [-0.000061,0.009686,-0.999953,0.000000], [-0.096152,-0.076227,0.141147,1.000000])) 
vcam.keyframe_insert('location')
vcam.keyframe_insert('scale')
vcam.keyframe_insert('rotation_euler')
vcam.data.keyframe_insert('lens')

scene.frame_current = 38
vcam.data.lens = 16.131015
vcam.matrix_world = (([1.000000,-0.000051,-0.000061,0.000000], [-0.000052,-0.999953,-0.009686,0.000000], [-0.000061,0.009686,-0.999953,0.000000], [-0.096152,-0.076227,0.141147,1.000000])) 
vcam.keyframe_insert('location')
vcam.keyframe_insert('scale')
vcam.keyframe_insert('rotation_euler')
vcam.data.keyframe_insert('lens')

scene.frame_current = 39
vcam.data.lens = 16.131015
vcam.matrix_world = (([1.000000,-0.000051,-0.000061,0.000000], [-0.000052,-0.999953,-0.009686,0.000000], [-0.000061,0.009686,-0.999953,0.000000], [-0.096152,-0.076227,0.141147,1.000000])) 
vcam.keyframe_insert('location')
vcam.keyframe_insert('scale')
vcam.keyframe_insert('rotation_euler')
vcam.data.keyframe_insert('lens')

scene.frame_current = 40
vcam.data.lens = 16.131015
vcam.matrix_world = (([1.000000,-0.000051,-0.000061,0.000000], [-0.000052,-0.999953,-0.009686,0.000000], [-0.000061,0.009686,-0.999953,0.000000], [-0.096152,-0.076227,0.141147,1.000000])) 
vcam.keyframe_insert('location')
vcam.keyframe_insert('scale')
vcam.keyframe_insert('rotation_euler')
vcam.data.keyframe_insert('lens')

scene.frame_current = 41
vcam.data.lens = 16.131015
vcam.matrix_world = (([1.000000,-0.000051,-0.000061,0.000000], [-0.000052,-0.999953,-0.009686,0.000000], [-0.000061,0.009686,-0.999953,0.000000], [-0.096152,-0.076227,0.141147,1.000000])) 
vcam.keyframe_insert('location')
vcam.keyframe_insert('scale')
vcam.keyframe_insert('rotation_euler')
vcam.data.keyframe_insert('lens')

scene.frame_current = 42
vcam.data.lens = 16.131015
vcam.matrix_world = (([1.000000,-0.000051,-0.000061,0.000000], [-0.000052,-0.999953,-0.009686,0.000000], [-0.000061,0.009686,-0.999953,0.000000], [-0.096152,-0.076227,0.141147,1.000000])) 
vcam.keyframe_insert('location')
vcam.keyframe_insert('scale')
vcam.keyframe_insert('rotation_euler')
vcam.data.keyframe_insert('lens')

scene.frame_current = 43
vcam.data.lens = 16.131015
vcam.matrix_world = (([1.000000,-0.000051,-0.000061,0.000000], [-0.000052,-0.999953,-0.009686,0.000000], [-0.000061,0.009686,-0.999953,0.000000], [-0.096152,-0.076227,0.141147,1.000000])) 
vcam.keyframe_insert('location')
vcam.keyframe_insert('scale')
vcam.keyframe_insert('rotation_euler')
vcam.data.keyframe_insert('lens')

scene.frame_current = 44
vcam.data.lens = 16.131015
vcam.matrix_world = (([1.000000,-0.000051,-0.000061,0.000000], [-0.000052,-0.999953,-0.009686,0.000000], [-0.000061,0.009686,-0.999953,0.000000], [-0.096152,-0.076227,0.141147,1.000000])) 
vcam.keyframe_insert('location')
vcam.keyframe_insert('scale')
vcam.keyframe_insert('rotation_euler')
vcam.data.keyframe_insert('lens')

scene.frame_current = 45
vcam.data.lens = 16.131015
vcam.matrix_world = (([1.000000,-0.000051,-0.000061,0.000000], [-0.000052,-0.999953,-0.009686,0.000000], [-0.000061,0.009686,-0.999953,0.000000], [-0.096152,-0.076227,0.141147,1.000000])) 
vcam.keyframe_insert('location')
vcam.keyframe_insert('scale')
vcam.keyframe_insert('rotation_euler')
vcam.data.keyframe_insert('lens')

scene.frame_current = 46
vcam.data.lens = 16.131015
vcam.matrix_world = (([1.000000,-0.000051,-0.000061,0.000000], [-0.000052,-0.999953,-0.009686,0.000000], [-0.000061,0.009686,-0.999953,0.000000], [-0.096152,-0.076227,0.141147,1.000000])) 
vcam.keyframe_insert('location')
vcam.keyframe_insert('scale')
vcam.keyframe_insert('rotation_euler')
vcam.data.keyframe_insert('lens')

scene.frame_current = 47
vcam.data.lens = 16.131015
vcam.matrix_world = (([1.000000,-0.000051,-0.000061,0.000000], [-0.000052,-0.999953,-0.009686,0.000000], [-0.000061,0.009686,-0.999953,0.000000], [-0.096152,-0.076227,0.141147,1.000000])) 
vcam.keyframe_insert('location')
vcam.keyframe_insert('scale')
vcam.keyframe_insert('rotation_euler')
vcam.data.keyframe_insert('lens')

scene.frame_current = 48
vcam.data.lens = 16.131015
vcam.matrix_world = (([1.000000,-0.000051,-0.000061,0.000000], [-0.000052,-0.999953,-0.009686,0.000000], [-0.000061,0.009686,-0.999953,0.000000], [-0.096152,-0.076227,0.141147,1.000000])) 
vcam.keyframe_insert('location')
vcam.keyframe_insert('scale')
vcam.keyframe_insert('rotation_euler')
vcam.data.keyframe_insert('lens')

scene.frame_current = 49
vcam.data.lens = 16.131015
vcam.matrix_world = (([1.000000,-0.000051,-0.000061,0.000000], [-0.000052,-0.999953,-0.009686,0.000000], [-0.000061,0.009686,-0.999953,0.000000], [-0.096152,-0.076227,0.141147,1.000000])) 
vcam.keyframe_insert('location')
vcam.keyframe_insert('scale')
vcam.keyframe_insert('rotation_euler')
vcam.data.keyframe_insert('lens')

scene.frame_current = 50
vcam.data.lens = 16.131015
vcam.matrix_world = (([1.000000,-0.000051,-0.000061,0.000000], [-0.000052,-0.999953,-0.009686,0.000000], [-0.000061,0.009686,-0.999953,0.000000], [-0.096152,-0.076227,0.141147,1.000000])) 
vcam.keyframe_insert('location')
vcam.keyframe_insert('scale')
vcam.keyframe_insert('rotation_euler')
vcam.data.keyframe_insert('lens')

scene.frame_current = 51
vcam.data.lens = 16.131015
vcam.matrix_world = (([1.000000,-0.000051,-0.000061,0.000000], [-0.000052,-0.999953,-0.009686,0.000000], [-0.000061,0.009686,-0.999953,0.000000], [-0.096152,-0.076227,0.141147,1.000000])) 
vcam.keyframe_insert('location')
vcam.keyframe_insert('scale')
vcam.keyframe_insert('rotation_euler')
vcam.data.keyframe_insert('lens')

scene.frame_current = 52
vcam.data.lens = 16.131015
vcam.matrix_world = (([1.000000,-0.000051,-0.000061,0.000000], [-0.000052,-0.999953,-0.009686,0.000000], [-0.000061,0.009686,-0.999953,0.000000], [-0.096152,-0.076227,0.141147,1.000000])) 
vcam.keyframe_insert('location')
vcam.keyframe_insert('scale')
vcam.keyframe_insert('rotation_euler')
vcam.data.keyframe_insert('lens')

scene.frame_current = 53
vcam.data.lens = 16.131015
vcam.matrix_world = (([1.000000,-0.000051,-0.000061,0.000000], [-0.000052,-0.999953,-0.009686,0.000000], [-0.000061,0.009686,-0.999953,0.000000], [-0.096152,-0.076227,0.141147,1.000000])) 
vcam.keyframe_insert('location')
vcam.keyframe_insert('scale')
vcam.keyframe_insert('rotation_euler')
vcam.data.keyframe_insert('lens')

scene.frame_current = 54
vcam.data.lens = 16.131015
vcam.matrix_world = (([1.000000,-0.000051,-0.000061,0.000000], [-0.000052,-0.999953,-0.009686,0.000000], [-0.000061,0.009686,-0.999953,0.000000], [-0.096152,-0.076227,0.141147,1.000000])) 
vcam.keyframe_insert('location')
vcam.keyframe_insert('scale')
vcam.keyframe_insert('rotation_euler')
vcam.data.keyframe_insert('lens')

scene.frame_current = 55
vcam.data.lens = 16.131015
vcam.matrix_world = (([1.000000,-0.000051,-0.000061,0.000000], [-0.000052,-0.999953,-0.009686,0.000000], [-0.000061,0.009686,-0.999953,0.000000], [-0.096152,-0.076227,0.141147,1.000000])) 
vcam.keyframe_insert('location')
vcam.keyframe_insert('scale')
vcam.keyframe_insert('rotation_euler')
vcam.data.keyframe_insert('lens')

scene.frame_current = 56
vcam.data.lens = 16.131015
vcam.matrix_world = (([1.000000,-0.000051,-0.000061,0.000000], [-0.000052,-0.999953,-0.009686,0.000000], [-0.000061,0.009686,-0.999953,0.000000], [-0.096152,-0.076227,0.141147,1.000000])) 
vcam.keyframe_insert('location')
vcam.keyframe_insert('scale')
vcam.keyframe_insert('rotation_euler')
vcam.data.keyframe_insert('lens')

scene.frame_current = 57
vcam.data.lens = 16.131015
vcam.matrix_world = (([1.000000,-0.000051,-0.000061,0.000000], [-0.000052,-0.999953,-0.009686,0.000000], [-0.000061,0.009686,-0.999953,0.000000], [-0.096152,-0.076227,0.141147,1.000000])) 
vcam.keyframe_insert('location')
vcam.keyframe_insert('scale')
vcam.keyframe_insert('rotation_euler')
vcam.data.keyframe_insert('lens')

scene.frame_current = 58
vcam.data.lens = 16.131015
vcam.matrix_world = (([1.000000,-0.000051,-0.000061,0.000000], [-0.000052,-0.999953,-0.009686,0.000000], [-0.000061,0.009686,-0.999953,0.000000], [-0.096152,-0.076227,0.141147,1.000000])) 
vcam.keyframe_insert('location')
vcam.keyframe_insert('scale')
vcam.keyframe_insert('rotation_euler')
vcam.data.keyframe_insert('lens')

scene.frame_current = 59
vcam.data.lens = 16.131015
vcam.matrix_world = (([1.000000,-0.000051,-0.000061,0.000000], [-0.000052,-0.999953,-0.009686,0.000000], [-0.000061,0.009686,-0.999953,0.000000], [-0.096152,-0.076227,0.141147,1.000000])) 
vcam.keyframe_insert('location')
vcam.keyframe_insert('scale')
vcam.keyframe_insert('rotation_euler')
vcam.data.keyframe_insert('lens')

scene.frame_current = 60
vcam.data.lens = 16.131015
vcam.matrix_world = (([1.000000,-0.000051,-0.000061,0.000000], [-0.000052,-0.999953,-0.009686,0.000000], [-0.000061,0.009686,-0.999953,0.000000], [-0.096152,-0.076227,0.141147,1.000000])) 
vcam.keyframe_insert('location')
vcam.keyframe_insert('scale')
vcam.keyframe_insert('rotation_euler')
vcam.data.keyframe_insert('lens')

scene.frame_current = 61
vcam.data.lens = 16.131015
vcam.matrix_world = (([1.000000,-0.000051,-0.000061,0.000000], [-0.000052,-0.999953,-0.009686,0.000000], [-0.000061,0.009686,-0.999953,0.000000], [-0.096152,-0.076227,0.141147,1.000000])) 
vcam.keyframe_insert('location')
vcam.keyframe_insert('scale')
vcam.keyframe_insert('rotation_euler')
vcam.data.keyframe_insert('lens')

scene.frame_current = 62
vcam.data.lens = 16.131015
vcam.matrix_world = (([1.000000,-0.000051,-0.000061,0.000000], [-0.000052,-0.999953,-0.009686,0.000000], [-0.000061,0.009686,-0.999953,0.000000], [-0.096152,-0.076227,0.141147,1.000000])) 
vcam.keyframe_insert('location')
vcam.keyframe_insert('scale')
vcam.keyframe_insert('rotation_euler')
vcam.data.keyframe_insert('lens')

scene.frame_current = 63
vcam.data.lens = 16.131015
vcam.matrix_world = (([1.000000,-0.000051,-0.000061,0.000000], [-0.000052,-0.999953,-0.009686,0.000000], [-0.000061,0.009686,-0.999953,0.000000], [-0.096152,-0.076227,0.141147,1.000000])) 
vcam.keyframe_insert('location')
vcam.keyframe_insert('scale')
vcam.keyframe_insert('rotation_euler')
vcam.data.keyframe_insert('lens')

scene.frame_current = 64
vcam.data.lens = 16.131015
vcam.matrix_world = (([1.000000,-0.000051,-0.000061,0.000000], [-0.000052,-0.999953,-0.009686,0.000000], [-0.000061,0.009686,-0.999953,0.000000], [-0.096152,-0.076227,0.141147,1.000000])) 
vcam.keyframe_insert('location')
vcam.keyframe_insert('scale')
vcam.keyframe_insert('rotation_euler')
vcam.data.keyframe_insert('lens')

scene.frame_current = 65
vcam.data.lens = 16.131015
vcam.matrix_world = (([1.000000,-0.000051,-0.000061,0.000000], [-0.000052,-0.999953,-0.009686,0.000000], [-0.000061,0.009686,-0.999953,0.000000], [-0.096152,-0.076227,0.141147,1.000000])) 
vcam.keyframe_insert('location')
vcam.keyframe_insert('scale')
vcam.keyframe_insert('rotation_euler')
vcam.data.keyframe_insert('lens')

scene.frame_current = 66
vcam.data.lens = 16.131015
vcam.matrix_world = (([1.000000,-0.000051,-0.000061,0.000000], [-0.000052,-0.999953,-0.009686,0.000000], [-0.000061,0.009686,-0.999953,0.000000], [-0.096152,-0.076227,0.141147,1.000000])) 
vcam.keyframe_insert('location')
vcam.keyframe_insert('scale')
vcam.keyframe_insert('rotation_euler')
vcam.data.keyframe_insert('lens')

scene.frame_current = 67
vcam.data.lens = 16.131015
vcam.matrix_world = (([1.000000,-0.000051,-0.000061,0.000000], [-0.000052,-0.999953,-0.009686,0.000000], [-0.000061,0.009686,-0.999953,0.000000], [-0.096152,-0.076227,0.141147,1.000000])) 
vcam.keyframe_insert('location')
vcam.keyframe_insert('scale')
vcam.keyframe_insert('rotation_euler')
vcam.data.keyframe_insert('lens')

scene.frame_current = 68
vcam.data.lens = 16.131015
vcam.matrix_world = (([1.000000,-0.000051,-0.000061,0.000000], [-0.000052,-0.999953,-0.009686,0.000000], [-0.000061,0.009686,-0.999953,0.000000], [-0.096152,-0.076227,0.141147,1.000000])) 
vcam.keyframe_insert('location')
vcam.keyframe_insert('scale')
vcam.keyframe_insert('rotation_euler')
vcam.data.keyframe_insert('lens')

scene.frame_current = 69
vcam.data.lens = 16.131015
vcam.matrix_world = (([1.000000,-0.000051,-0.000061,0.000000], [-0.000052,-0.999953,-0.009686,0.000000], [-0.000061,0.009686,-0.999953,0.000000], [-0.096152,-0.076227,0.141147,1.000000])) 
vcam.keyframe_insert('location')
vcam.keyframe_insert('scale')
vcam.keyframe_insert('rotation_euler')
vcam.data.keyframe_insert('lens')

scene.frame_current = 70
vcam.data.lens = 16.131015
vcam.matrix_world = (([1.000000,-0.000051,-0.000061,0.000000], [-0.000052,-0.999953,-0.009686,0.000000], [-0.000061,0.009686,-0.999953,0.000000], [-0.096152,-0.076227,0.141147,1.000000])) 
vcam.keyframe_insert('location')
vcam.keyframe_insert('scale')
vcam.keyframe_insert('rotation_euler')
vcam.data.keyframe_insert('lens')

scene.frame_current = 71
vcam.data.lens = 16.131015
vcam.matrix_world = (([1.000000,-0.000051,-0.000061,0.000000], [-0.000052,-0.999953,-0.009686,0.000000], [-0.000061,0.009686,-0.999953,0.000000], [-0.096152,-0.076227,0.141147,1.000000])) 
vcam.keyframe_insert('location')
vcam.keyframe_insert('scale')
vcam.keyframe_insert('rotation_euler')
vcam.data.keyframe_insert('lens')

scene.frame_current = 72
vcam.data.lens = 16.131015
vcam.matrix_world = (([1.000000,-0.000051,-0.000061,0.000000], [-0.000052,-0.999953,-0.009686,0.000000], [-0.000061,0.009686,-0.999953,0.000000], [-0.096152,-0.076227,0.141147,1.000000])) 
vcam.keyframe_insert('location')
vcam.keyframe_insert('scale')
vcam.keyframe_insert('rotation_euler')
vcam.data.keyframe_insert('lens')

scene.frame_current = 73
vcam.data.lens = 16.131015
vcam.matrix_world = (([1.000000,-0.000051,-0.000061,0.000000], [-0.000052,-0.999953,-0.009686,0.000000], [-0.000061,0.009686,-0.999953,0.000000], [-0.096152,-0.076227,0.141147,1.000000])) 
vcam.keyframe_insert('location')
vcam.keyframe_insert('scale')
vcam.keyframe_insert('rotation_euler')
vcam.data.keyframe_insert('lens')

scene.frame_current = 74
vcam.data.lens = 16.131015
vcam.matrix_world = (([1.000000,-0.000051,-0.000061,0.000000], [-0.000052,-0.999953,-0.009686,0.000000], [-0.000061,0.009686,-0.999953,0.000000], [-0.096152,-0.076227,0.141147,1.000000])) 
vcam.keyframe_insert('location')
vcam.keyframe_insert('scale')
vcam.keyframe_insert('rotation_euler')
vcam.data.keyframe_insert('lens')

scene.frame_current = 75
vcam.data.lens = 16.131015
vcam.matrix_world = (([1.000000,-0.000051,-0.000061,0.000000], [-0.000052,-0.999953,-0.009686,0.000000], [-0.000061,0.009686,-0.999953,0.000000], [-0.096152,-0.076227,0.141147,1.000000])) 
vcam.keyframe_insert('location')
vcam.keyframe_insert('scale')
vcam.keyframe_insert('rotation_euler')
vcam.data.keyframe_insert('lens')

scene.frame_current = 76
vcam.data.lens = 16.131015
vcam.matrix_world = (([1.000000,-0.000051,-0.000061,0.000000], [-0.000052,-0.999953,-0.009686,0.000000], [-0.000061,0.009686,-0.999953,0.000000], [-0.096152,-0.076227,0.141147,1.000000])) 
vcam.keyframe_insert('location')
vcam.keyframe_insert('scale')
vcam.keyframe_insert('rotation_euler')
vcam.data.keyframe_insert('lens')

scene.frame_current = 77
vcam.data.lens = 16.131015
vcam.matrix_world = (([1.000000,-0.000051,-0.000061,0.000000], [-0.000052,-0.999953,-0.009686,0.000000], [-0.000061,0.009686,-0.999953,0.000000], [-0.096152,-0.076227,0.141147,1.000000])) 
vcam.keyframe_insert('location')
vcam.keyframe_insert('scale')
vcam.keyframe_insert('rotation_euler')
vcam.data.keyframe_insert('lens')

scene.frame_current = 78
vcam.data.lens = 16.131015
vcam.matrix_world = (([1.000000,-0.000051,-0.000061,0.000000], [-0.000052,-0.999953,-0.009686,0.000000], [-0.000061,0.009686,-0.999953,0.000000], [-0.096152,-0.076227,0.141147,1.000000])) 
vcam.keyframe_insert('location')
vcam.keyframe_insert('scale')
vcam.keyframe_insert('rotation_euler')
vcam.data.keyframe_insert('lens')

scene.frame_current = 79
vcam.data.lens = 16.131015
vcam.matrix_world = (([1.000000,-0.000051,-0.000061,0.000000], [-0.000052,-0.999953,-0.009686,0.000000], [-0.000061,0.009686,-0.999953,0.000000], [-0.096152,-0.076227,0.141147,1.000000])) 
vcam.keyframe_insert('location')
vcam.keyframe_insert('scale')
vcam.keyframe_insert('rotation_euler')
vcam.data.keyframe_insert('lens')

scene.frame_current = 80
vcam.data.lens = 16.131015
vcam.matrix_world = (([1.000000,-0.000051,-0.000061,0.000000], [-0.000052,-0.999953,-0.009686,0.000000], [-0.000061,0.009686,-0.999953,0.000000], [-0.096152,-0.076227,0.141147,1.000000])) 
vcam.keyframe_insert('location')
vcam.keyframe_insert('scale')
vcam.keyframe_insert('rotation_euler')
vcam.data.keyframe_insert('lens')

scene.frame_current = 81
vcam.data.lens = 16.131015
vcam.matrix_world = (([1.000000,-0.000051,-0.000061,0.000000], [-0.000052,-0.999953,-0.009686,0.000000], [-0.000061,0.009686,-0.999953,0.000000], [-0.096152,-0.076227,0.141147,1.000000])) 
vcam.keyframe_insert('location')
vcam.keyframe_insert('scale')
vcam.keyframe_insert('rotation_euler')
vcam.data.keyframe_insert('lens')

scene.frame_current = 82
vcam.data.lens = 16.131015
vcam.matrix_world = (([1.000000,-0.000051,-0.000061,0.000000], [-0.000052,-0.999953,-0.009686,0.000000], [-0.000061,0.009686,-0.999953,0.000000], [-0.096152,-0.076227,0.141147,1.000000])) 
vcam.keyframe_insert('location')
vcam.keyframe_insert('scale')
vcam.keyframe_insert('rotation_euler')
vcam.data.keyframe_insert('lens')

scene.frame_current = 83
vcam.data.lens = 16.131015
vcam.matrix_world = (([1.000000,-0.000051,-0.000061,0.000000], [-0.000052,-0.999953,-0.009686,0.000000], [-0.000061,0.009686,-0.999953,0.000000], [-0.096152,-0.076227,0.141147,1.000000])) 
vcam.keyframe_insert('location')
vcam.keyframe_insert('scale')
vcam.keyframe_insert('rotation_euler')
vcam.data.keyframe_insert('lens')

scene.frame_current = 84
vcam.data.lens = 16.131015
vcam.matrix_world = (([1.000000,-0.000051,-0.000061,0.000000], [-0.000052,-0.999953,-0.009686,0.000000], [-0.000061,0.009686,-0.999953,0.000000], [-0.096152,-0.076227,0.141147,1.000000])) 
vcam.keyframe_insert('location')
vcam.keyframe_insert('scale')
vcam.keyframe_insert('rotation_euler')
vcam.data.keyframe_insert('lens')

scene.frame_current = 85
vcam.data.lens = 16.131015
vcam.matrix_world = (([1.000000,-0.000051,-0.000061,0.000000], [-0.000052,-0.999953,-0.009686,0.000000], [-0.000061,0.009686,-0.999953,0.000000], [-0.096152,-0.076227,0.141147,1.000000])) 
vcam.keyframe_insert('location')
vcam.keyframe_insert('scale')
vcam.keyframe_insert('rotation_euler')
vcam.data.keyframe_insert('lens')

scene.frame_current = 86
vcam.data.lens = 16.131015
vcam.matrix_world = (([1.000000,-0.000051,-0.000061,0.000000], [-0.000052,-0.999953,-0.009686,0.000000], [-0.000061,0.009686,-0.999953,0.000000], [-0.096152,-0.076227,0.141147,1.000000])) 
vcam.keyframe_insert('location')
vcam.keyframe_insert('scale')
vcam.keyframe_insert('rotation_euler')
vcam.data.keyframe_insert('lens')

scene.frame_current = 87
vcam.data.lens = 16.131015
vcam.matrix_world = (([1.000000,-0.000051,-0.000061,0.000000], [-0.000052,-0.999953,-0.009686,0.000000], [-0.000061,0.009686,-0.999953,0.000000], [-0.096152,-0.076227,0.141147,1.000000])) 
vcam.keyframe_insert('location')
vcam.keyframe_insert('scale')
vcam.keyframe_insert('rotation_euler')
vcam.data.keyframe_insert('lens')

scene.frame_current = 88
vcam.data.lens = 16.131015
vcam.matrix_world = (([1.000000,-0.000051,-0.000061,0.000000], [-0.000052,-0.999953,-0.009686,0.000000], [-0.000061,0.009686,-0.999953,0.000000], [-0.096152,-0.076227,0.141147,1.000000])) 
vcam.keyframe_insert('location')
vcam.keyframe_insert('scale')
vcam.keyframe_insert('rotation_euler')
vcam.data.keyframe_insert('lens')

scene.frame_current = 89
vcam.data.lens = 16.131015
vcam.matrix_world = (([1.000000,-0.000051,-0.000061,0.000000], [-0.000052,-0.999953,-0.009686,0.000000], [-0.000061,0.009686,-0.999953,0.000000], [-0.096152,-0.076227,0.141147,1.000000])) 
vcam.keyframe_insert('location')
vcam.keyframe_insert('scale')
vcam.keyframe_insert('rotation_euler')
vcam.data.keyframe_insert('lens')

scene.frame_current = 90
vcam.data.lens = 16.131015
vcam.matrix_world = (([1.000000,-0.000051,-0.000061,0.000000], [-0.000052,-0.999953,-0.009686,0.000000], [-0.000061,0.009686,-0.999953,0.000000], [-0.096152,-0.076227,0.141147,1.000000])) 
vcam.keyframe_insert('location')
vcam.keyframe_insert('scale')
vcam.keyframe_insert('rotation_euler')
vcam.data.keyframe_insert('lens')

scene.frame_current = 91
vcam.data.lens = 16.131015
vcam.matrix_world = (([1.000000,-0.000051,-0.000061,0.000000], [-0.000052,-0.999953,-0.009686,0.000000], [-0.000061,0.009686,-0.999953,0.000000], [-0.096152,-0.076227,0.141147,1.000000])) 
vcam.keyframe_insert('location')
vcam.keyframe_insert('scale')
vcam.keyframe_insert('rotation_euler')
vcam.data.keyframe_insert('lens')

scene.frame_current = 92
vcam.data.lens = 16.131015
vcam.matrix_world = (([1.000000,-0.000051,-0.000061,0.000000], [-0.000052,-0.999953,-0.009686,0.000000], [-0.000061,0.009686,-0.999953,0.000000], [-0.096152,-0.076227,0.141147,1.000000])) 
vcam.keyframe_insert('location')
vcam.keyframe_insert('scale')
vcam.keyframe_insert('rotation_euler')
vcam.data.keyframe_insert('lens')

scene.frame_current = 93
vcam.data.lens = 16.131015
vcam.matrix_world = (([1.000000,-0.000051,-0.000061,0.000000], [-0.000052,-0.999953,-0.009686,0.000000], [-0.000061,0.009686,-0.999953,0.000000], [-0.096152,-0.076227,0.141147,1.000000])) 
vcam.keyframe_insert('location')
vcam.keyframe_insert('scale')
vcam.keyframe_insert('rotation_euler')
vcam.data.keyframe_insert('lens')

scene.frame_current = 94
vcam.data.lens = 16.131015
vcam.matrix_world = (([1.000000,-0.000051,-0.000061,0.000000], [-0.000052,-0.999953,-0.009686,0.000000], [-0.000061,0.009686,-0.999953,0.000000], [-0.096152,-0.076227,0.141147,1.000000])) 
vcam.keyframe_insert('location')
vcam.keyframe_insert('scale')
vcam.keyframe_insert('rotation_euler')
vcam.data.keyframe_insert('lens')

scene.frame_current = 95
vcam.data.lens = 16.131015
vcam.matrix_world = (([1.000000,-0.000051,-0.000061,0.000000], [-0.000052,-0.999953,-0.009686,0.000000], [-0.000061,0.009686,-0.999953,0.000000], [-0.096152,-0.076227,0.141147,1.000000])) 
vcam.keyframe_insert('location')
vcam.keyframe_insert('scale')
vcam.keyframe_insert('rotation_euler')
vcam.data.keyframe_insert('lens')

scene.frame_current = 96
vcam.data.lens = 16.131015
vcam.matrix_world = (([1.000000,-0.000051,-0.000061,0.000000], [-0.000052,-0.999953,-0.009686,0.000000], [-0.000061,0.009686,-0.999953,0.000000], [-0.096152,-0.076227,0.141147,1.000000])) 
vcam.keyframe_insert('location')
vcam.keyframe_insert('scale')
vcam.keyframe_insert('rotation_euler')
vcam.data.keyframe_insert('lens')

scene.frame_current = 97
vcam.data.lens = 16.131015
vcam.matrix_world = (([1.000000,-0.000051,-0.000061,0.000000], [-0.000052,-0.999953,-0.009686,0.000000], [-0.000061,0.009686,-0.999953,0.000000], [-0.096152,-0.076227,0.141147,1.000000])) 
vcam.keyframe_insert('location')
vcam.keyframe_insert('scale')
vcam.keyframe_insert('rotation_euler')
vcam.data.keyframe_insert('lens')

scene.frame_current = 98
vcam.data.lens = 16.131015
vcam.matrix_world = (([1.000000,-0.000051,-0.000061,0.000000], [-0.000052,-0.999953,-0.009686,0.000000], [-0.000061,0.009686,-0.999953,0.000000], [-0.096152,-0.076227,0.141147,1.000000])) 
vcam.keyframe_insert('location')
vcam.keyframe_insert('scale')
vcam.keyframe_insert('rotation_euler')
vcam.data.keyframe_insert('lens')

scene.frame_current = 99
vcam.data.lens = 16.131015
vcam.matrix_world = (([1.000000,-0.000051,-0.000061,0.000000], [-0.000052,-0.999953,-0.009686,0.000000], [-0.000061,0.009686,-0.999953,0.000000], [-0.096152,-0.076227,0.141147,1.000000])) 
vcam.keyframe_insert('location')
vcam.keyframe_insert('scale')
vcam.keyframe_insert('rotation_euler')
vcam.data.keyframe_insert('lens')

scene.frame_current = 100
vcam.data.lens = 16.131015
vcam.matrix_world = (([1.000000,-0.000051,-0.000061,0.000000], [-0.000052,-0.999953,-0.009686,0.000000], [-0.000061,0.009686,-0.999953,0.000000], [-0.096152,-0.076227,0.141147,1.000000])) 
vcam.keyframe_insert('location')
vcam.keyframe_insert('scale')
vcam.keyframe_insert('rotation_euler')
vcam.data.keyframe_insert('lens')

