# blender export (blender version 2.5x and higher)
# created by voodoo camera tracker - www.digilab.uni-hannover.de
# Creation date: Thu Jun 20 23:21:30 2019
# USAGE: load this python script into Blender's text editor and execute the script with ALT-P
#        use the 'voodoo_render_cam' for rendering your scene
#        use the helper object 'voodoo_scene' to rotate, translate and scale the scene

import bpy
import mathutils
import string
import math
scene = bpy.context.scene
dummy = bpy.data.objects.new('voodoo_scene', None)
dummy.location = (0.0, 0.0, 0.0)
dummy.rotation_euler = ( -3.141593/2, 0.0, 0.0)
dummy.scale = (0.2, 0.2, 0.2)
scene.objects.link(dummy)
data = bpy.data.cameras.new('voodoo_render_cam')
data.lens_unit = 'DEGREES'
vcam = bpy.data.objects.new('voodoo_render_cam', data)
vcam.location = (0.0, 0.0, 0.0)
vcam.rotation_euler = (0.0, 0.0, 0.0)
vcam.scale = (1.0, 1.0, 1.0)
data.lens = 35.0
data.shift_x = 0.0
data.shift_y = 0.0
data.dof_distance = 0.0
data.clip_start = 0.1
data.clip_end = 1000.0
data.draw_size = 0.5
scene.objects.link(vcam)
vcam.parent = dummy
data = bpy.data.meshes.new('voodoo_FP3D_cloud')
mesh = bpy.data.objects.new('voodoo_FP3D_cloud', data)
mesh.location = (0.0, 0.0, 0.0)
mesh.rotation_euler = (0.0, 0.0, 0.0)
mesh.scale = (1.0, 1.0, 1.0)
scene.objects.link(mesh)
mesh.parent = dummy

#Camera Parameters
scene.frame_current = 1
vcam.data.lens = 36.150196
vcam.matrix_world = (([0.941056,-0.064656,-0.332015,0.000000], [-0.038633,-0.995683,0.084395,0.000000], [-0.336038,-0.066594,-0.939491,0.000000], [51.546830,14.222407,96.396637,1.000000])) 
vcam.keyframe_insert('location')
vcam.keyframe_insert('scale')
vcam.keyframe_insert('rotation_euler')
vcam.data.keyframe_insert('lens')

scene.frame_current = 2
vcam.data.lens = 36.150196
vcam.matrix_world = (([0.941320,-0.064775,-0.331242,0.000000], [-0.038797,-0.995672,0.084453,0.000000], [-0.335278,-0.066646,-0.939759,0.000000], [51.561495,14.138836,96.365549,1.000000])) 
vcam.keyframe_insert('location')
vcam.keyframe_insert('scale')
vcam.keyframe_insert('rotation_euler')
vcam.data.keyframe_insert('lens')

scene.frame_current = 3
vcam.data.lens = 36.150196
vcam.matrix_world = (([0.941440,-0.065255,-0.330806,0.000000], [-0.039122,-0.995608,0.085057,0.000000], [-0.334904,-0.067134,-0.939858,0.000000], [51.533564,14.052351,96.346892,1.000000])) 
vcam.keyframe_insert('location')
vcam.keyframe_insert('scale')
vcam.keyframe_insert('rotation_euler')
vcam.data.keyframe_insert('lens')

scene.frame_current = 4
vcam.data.lens = 36.150196
vcam.matrix_world = (([0.941870,-0.064065,-0.329814,0.000000], [-0.038417,-0.995749,0.083712,0.000000], [-0.333775,-0.066175,-0.940327,0.000000], [51.598944,14.092779,96.270142,1.000000])) 
vcam.keyframe_insert('location')
vcam.keyframe_insert('scale')
vcam.keyframe_insert('rotation_euler')
vcam.data.keyframe_insert('lens')

scene.frame_current = 5
vcam.data.lens = 36.150196
vcam.matrix_world = (([0.942187,-0.064118,-0.328897,0.000000], [-0.038686,-0.995773,0.083304,0.000000], [-0.332848,-0.065764,-0.940684,0.000000], [51.644511,14.088378,96.234544,1.000000])) 
vcam.keyframe_insert('location')
vcam.keyframe_insert('scale')
vcam.keyframe_insert('rotation_euler')
vcam.data.keyframe_insert('lens')

scene.frame_current = 6
vcam.data.lens = 36.150196
vcam.matrix_world = (([0.942477,-0.063644,-0.328156,0.000000], [-0.038189,-0.995780,0.083447,0.000000], [-0.332082,-0.066115,-0.940931,0.000000], [51.685535,14.010519,96.216952,1.000000])) 
vcam.keyframe_insert('location')
vcam.keyframe_insert('scale')
vcam.keyframe_insert('rotation_euler')
vcam.data.keyframe_insert('lens')

scene.frame_current = 7
vcam.data.lens = 36.150196
vcam.matrix_world = (([0.942695,-0.063333,-0.327591,0.000000], [-0.037579,-0.995726,0.084364,0.000000], [-0.331534,-0.067219,-0.941046,0.000000], [51.694671,13.872984,96.206584,1.000000])) 
vcam.keyframe_insert('location')
vcam.keyframe_insert('scale')
vcam.keyframe_insert('rotation_euler')
vcam.data.keyframe_insert('lens')

scene.frame_current = 8
vcam.data.lens = 36.150196
vcam.matrix_world = (([0.942933,-0.064238,-0.326728,0.000000], [-0.038152,-0.995596,0.085637,0.000000], [-0.330790,-0.068284,-0.941231,0.000000], [51.732492,13.741958,96.206849,1.000000])) 
vcam.keyframe_insert('location')
vcam.keyframe_insert('scale')
vcam.keyframe_insert('rotation_euler')
vcam.data.keyframe_insert('lens')

scene.frame_current = 9
vcam.data.lens = 36.150196
vcam.matrix_world = (([0.943071,-0.064744,-0.326230,0.000000], [-0.038619,-0.995552,0.085938,0.000000], [-0.330343,-0.068447,-0.941376,0.000000], [51.751780,13.702652,96.215871,1.000000])) 
vcam.keyframe_insert('location')
vcam.keyframe_insert('scale')
vcam.keyframe_insert('rotation_euler')
vcam.data.keyframe_insert('lens')

scene.frame_current = 10
vcam.data.lens = 36.150196
vcam.matrix_world = (([0.943152,-0.064569,-0.326029,0.000000], [-0.038301,-0.995527,0.086362,0.000000], [-0.330147,-0.068965,-0.941407,0.000000], [51.740332,13.644110,96.230283,1.000000])) 
vcam.keyframe_insert('location')
vcam.keyframe_insert('scale')
vcam.keyframe_insert('rotation_euler')
vcam.data.keyframe_insert('lens')

scene.frame_current = 11
vcam.data.lens = 36.150196
vcam.matrix_world = (([0.943369,-0.064668,-0.325383,0.000000], [-0.037907,-0.995405,0.087929,0.000000], [-0.329574,-0.070615,-0.941485,0.000000], [51.771932,13.472638,96.253044,1.000000])) 
vcam.keyframe_insert('location')
vcam.keyframe_insert('scale')
vcam.keyframe_insert('rotation_euler')
vcam.data.keyframe_insert('lens')

scene.frame_current = 12
vcam.data.lens = 36.150196
vcam.matrix_world = (([0.943523,-0.064764,-0.324916,0.000000], [-0.037744,-0.995335,0.088792,0.000000], [-0.329150,-0.071514,-0.941566,0.000000], [51.795510,13.360382,96.275546,1.000000])) 
vcam.keyframe_insert('location')
vcam.keyframe_insert('scale')
vcam.keyframe_insert('rotation_euler')
vcam.data.keyframe_insert('lens')

scene.frame_current = 13
vcam.data.lens = 36.150196
vcam.matrix_world = (([0.943741,-0.064718,-0.324289,0.000000], [-0.037279,-0.995232,0.090129,0.000000], [-0.328576,-0.072970,-0.941654,0.000000], [51.833146,13.196669,96.280759,1.000000])) 
vcam.keyframe_insert('location')
vcam.keyframe_insert('scale')
vcam.keyframe_insert('rotation_euler')
vcam.data.keyframe_insert('lens')

scene.frame_current = 14
vcam.data.lens = 36.150196
vcam.matrix_world = (([0.943879,-0.064885,-0.323854,0.000000], [-0.037266,-0.995174,0.090773,0.000000], [-0.328181,-0.073610,-0.941742,0.000000], [51.857664,13.106092,96.305191,1.000000])) 
vcam.keyframe_insert('location')
vcam.keyframe_insert('scale')
vcam.keyframe_insert('rotation_euler')
vcam.data.keyframe_insert('lens')

scene.frame_current = 15
vcam.data.lens = 36.150196
vcam.matrix_world = (([0.943995,-0.065136,-0.323466,0.000000], [-0.037454,-0.995138,0.091086,0.000000], [-0.327827,-0.073870,-0.941845,0.000000], [51.874219,13.054465,96.317085,1.000000])) 
vcam.keyframe_insert('location')
vcam.keyframe_insert('scale')
vcam.keyframe_insert('rotation_euler')
vcam.data.keyframe_insert('lens')

scene.frame_current = 16
vcam.data.lens = 36.150196
vcam.matrix_world = (([0.944128,-0.065085,-0.323088,0.000000], [-0.037493,-0.995153,0.090909,0.000000], [-0.327439,-0.073716,-0.941992,0.000000], [51.877154,13.062247,96.312966,1.000000])) 
vcam.keyframe_insert('location')
vcam.keyframe_insert('scale')
vcam.keyframe_insert('rotation_euler')
vcam.data.keyframe_insert('lens')

scene.frame_current = 17
vcam.data.lens = 36.150196
vcam.matrix_world = (([0.944282,-0.064693,-0.322718,0.000000], [-0.037406,-0.995234,0.090057,0.000000], [-0.327006,-0.072967,-0.942201,0.000000], [51.892551,13.131404,96.302009,1.000000])) 
vcam.keyframe_insert('location')
vcam.keyframe_insert('scale')
vcam.keyframe_insert('rotation_euler')
vcam.data.keyframe_insert('lens')

scene.frame_current = 18
vcam.data.lens = 36.150196
vcam.matrix_world = (([0.944216,-0.064174,-0.323015,0.000000], [-0.037234,-0.995344,0.088907,0.000000], [-0.327216,-0.071920,-0.942209,0.000000], [51.841880,13.225194,96.338308,1.000000])) 
vcam.keyframe_insert('location')
vcam.keyframe_insert('scale')
vcam.keyframe_insert('rotation_euler')
vcam.data.keyframe_insert('lens')

scene.frame_current = 19
vcam.data.lens = 36.150196
vcam.matrix_world = (([0.944139,-0.063969,-0.323279,0.000000], [-0.037685,-0.995502,0.086925,0.000000], [-0.327385,-0.069886,-0.942303,0.000000], [51.790297,13.435243,96.334048,1.000000])) 
vcam.keyframe_insert('location')
vcam.keyframe_insert('scale')
vcam.keyframe_insert('rotation_euler')
vcam.data.keyframe_insert('lens')

scene.frame_current = 20
vcam.data.lens = 36.150196
vcam.matrix_world = (([0.944107,-0.063721,-0.323421,0.000000], [-0.037850,-0.995605,0.085666,0.000000], [-0.327458,-0.068636,-0.942369,0.000000], [51.750583,13.590988,96.337908,1.000000])) 
vcam.keyframe_insert('location')
vcam.keyframe_insert('scale')
vcam.keyframe_insert('rotation_euler')
vcam.data.keyframe_insert('lens')

scene.frame_current = 21
vcam.data.lens = 36.150196
vcam.matrix_world = (([0.944097,-0.063692,-0.323457,0.000000], [-0.037892,-0.995622,0.085449,0.000000], [-0.327483,-0.068415,-0.942377,0.000000], [51.716789,13.657874,96.358613,1.000000])) 
vcam.keyframe_insert('location')
vcam.keyframe_insert('scale')
vcam.keyframe_insert('rotation_euler')
vcam.data.keyframe_insert('lens')

scene.frame_current = 22
vcam.data.lens = 36.150196
vcam.matrix_world = (([0.944216,-0.063662,-0.323115,0.000000], [-0.037598,-0.995561,0.086279,0.000000], [-0.327174,-0.069317,-0.942418,0.000000], [51.721137,13.604367,96.383093,1.000000])) 
vcam.keyframe_insert('location')
vcam.keyframe_insert('scale')
vcam.keyframe_insert('rotation_euler')
vcam.data.keyframe_insert('lens')

scene.frame_current = 23
vcam.data.lens = 36.150196
vcam.matrix_world = (([0.944381,-0.063165,-0.322729,0.000000], [-0.036960,-0.995549,0.086697,0.000000], [-0.326768,-0.069947,-0.942512,0.000000], [51.734091,13.557466,96.391273,1.000000])) 
vcam.keyframe_insert('location')
vcam.keyframe_insert('scale')
vcam.keyframe_insert('rotation_euler')
vcam.data.keyframe_insert('lens')

scene.frame_current = 24
vcam.data.lens = 36.150196
vcam.matrix_world = (([0.944501,-0.062958,-0.322418,0.000000], [-0.036565,-0.995513,0.087278,0.000000], [-0.326466,-0.070645,-0.942565,0.000000], [51.741276,13.485825,96.398698,1.000000])) 
vcam.keyframe_insert('location')
vcam.keyframe_insert('scale')
vcam.keyframe_insert('rotation_euler')
vcam.data.keyframe_insert('lens')

scene.frame_current = 25
vcam.data.lens = 36.150196
vcam.matrix_world = (([0.944665,-0.062830,-0.321964,0.000000], [-0.036266,-0.995473,0.087855,0.000000], [-0.326026,-0.071317,-0.942667,0.000000], [51.761137,13.411693,96.390853,1.000000])) 
vcam.keyframe_insert('location')
vcam.keyframe_insert('scale')
vcam.keyframe_insert('rotation_euler')
vcam.data.keyframe_insert('lens')

scene.frame_current = 26
vcam.data.lens = 36.150196
vcam.matrix_world = (([0.944632,-0.063280,-0.321972,0.000000], [-0.036470,-0.995396,0.088634,0.000000], [-0.326099,-0.071984,-0.942591,0.000000], [51.751844,13.333129,96.416754,1.000000])) 
vcam.keyframe_insert('location')
vcam.keyframe_insert('scale')
vcam.keyframe_insert('rotation_euler')
vcam.data.keyframe_insert('lens')

scene.frame_current = 27
vcam.data.lens = 36.150196
vcam.matrix_world = (([0.944851,-0.064004,-0.321185,0.000000], [-0.036700,-0.995233,0.090362,0.000000], [-0.325438,-0.073591,-0.942695,0.000000], [51.800820,13.156926,96.358936,1.000000])) 
vcam.keyframe_insert('location')
vcam.keyframe_insert('scale')
vcam.keyframe_insert('rotation_euler')
vcam.data.keyframe_insert('lens')

scene.frame_current = 28
vcam.data.lens = 36.150196
vcam.matrix_world = (([0.944649,-0.065539,-0.321470,0.000000], [-0.037675,-0.995032,0.092152,0.000000], [-0.325913,-0.074940,-0.942425,0.000000], [51.709101,13.037505,96.173034,1.000000])) 
vcam.keyframe_insert('location')
vcam.keyframe_insert('scale')
vcam.keyframe_insert('rotation_euler')
vcam.data.keyframe_insert('lens')

scene.frame_current = 29
vcam.data.lens = 36.150196
vcam.matrix_world = (([0.943916,-0.066917,-0.323335,0.000000], [-0.038441,-0.994860,0.093675,0.000000], [-0.327941,-0.075992,-0.941637,0.000000], [51.492587,12.890963,96.115816,1.000000])) 
vcam.keyframe_insert('location')
vcam.keyframe_insert('scale')
vcam.keyframe_insert('rotation_euler')
vcam.data.keyframe_insert('lens')

scene.frame_current = 30
vcam.data.lens = 36.150196
vcam.matrix_world = (([0.943481,-0.067125,-0.324558,0.000000], [-0.037829,-0.994686,0.095753,0.000000], [-0.329261,-0.078063,-0.941007,0.000000], [51.426465,12.636883,96.187918,1.000000])) 
vcam.keyframe_insert('location')
vcam.keyframe_insert('scale')
vcam.keyframe_insert('rotation_euler')
vcam.data.keyframe_insert('lens')

scene.frame_current = 31
vcam.data.lens = 36.150196
vcam.matrix_world = (([0.943049,-0.065567,-0.326129,0.000000], [-0.035296,-0.994571,0.097891,0.000000], [-0.330777,-0.080805,-0.940243,0.000000], [51.327168,12.322332,96.299123,1.000000])) 
vcam.keyframe_insert('location')
vcam.keyframe_insert('scale')
vcam.keyframe_insert('rotation_euler')
vcam.data.keyframe_insert('lens')

scene.frame_current = 32
vcam.data.lens = 36.150196
vcam.matrix_world = (([0.943151,-0.062053,-0.326520,0.000000], [-0.030721,-0.994487,0.100260,0.000000], [-0.330941,-0.084529,-0.939858,0.000000], [51.321031,11.914510,96.372846,1.000000])) 
vcam.keyframe_insert('location')
vcam.keyframe_insert('scale')
vcam.keyframe_insert('rotation_euler')
vcam.data.keyframe_insert('lens')

scene.frame_current = 33
vcam.data.lens = 36.150196
vcam.matrix_world = (([0.943508,-0.058027,-0.326229,0.000000], [-0.025429,-0.994323,0.103319,0.000000], [-0.330373,-0.089187,-0.939627,0.000000], [51.377735,11.406361,96.414792,1.000000])) 
vcam.keyframe_insert('location')
vcam.keyframe_insert('scale')
vcam.keyframe_insert('rotation_euler')
vcam.data.keyframe_insert('lens')

scene.frame_current = 34
vcam.data.lens = 36.150196
vcam.matrix_world = (([0.944170,-0.054188,-0.324973,0.000000], [-0.021149,-0.994315,0.104354,0.000000], [-0.328780,-0.091655,-0.939948,0.000000], [51.506466,11.101235,96.371459,1.000000])) 
vcam.keyframe_insert('location')
vcam.keyframe_insert('scale')
vcam.keyframe_insert('rotation_euler')
vcam.data.keyframe_insert('lens')

scene.frame_current = 35
vcam.data.lens = 36.150196
vcam.matrix_world = (([0.945126,-0.054245,-0.322171,0.000000], [-0.020902,-0.994139,0.106069,0.000000], [-0.326037,-0.093514,-0.940720,0.000000], [51.745883,10.871266,96.233043,1.000000])) 
vcam.keyframe_insert('location')
vcam.keyframe_insert('scale')
vcam.keyframe_insert('rotation_euler')
vcam.data.keyframe_insert('lens')

scene.frame_current = 36
vcam.data.lens = 36.150196
vcam.matrix_world = (([0.946051,-0.057209,-0.318926,0.000000], [-0.024192,-0.994014,0.106545,0.000000], [-0.323113,-0.093081,-0.941772,0.000000], [51.953981,10.871007,96.018143,1.000000])) 
vcam.keyframe_insert('location')
vcam.keyframe_insert('scale')
vcam.keyframe_insert('rotation_euler')
vcam.data.keyframe_insert('lens')

scene.frame_current = 37
vcam.data.lens = 36.150196
vcam.matrix_world = (([0.946823,-0.059266,-0.316249,0.000000], [-0.027798,-0.994282,0.103109,0.000000], [-0.320552,-0.088835,-0.943056,0.000000], [52.124679,11.236030,95.735115,1.000000])) 
vcam.keyframe_insert('location')
vcam.keyframe_insert('scale')
vcam.keyframe_insert('rotation_euler')
vcam.data.keyframe_insert('lens')

scene.frame_current = 38
vcam.data.lens = 36.150196
vcam.matrix_world = (([0.947847,-0.060594,-0.312913,0.000000], [-0.030546,-0.994513,0.100055,0.000000], [-0.317258,-0.085279,-0.944497,0.000000], [52.362368,11.685775,95.444955,1.000000])) 
vcam.keyframe_insert('location')
vcam.keyframe_insert('scale')
vcam.keyframe_insert('rotation_euler')
vcam.data.keyframe_insert('lens')

scene.frame_current = 39
vcam.data.lens = 36.150196
vcam.matrix_world = (([0.948041,-0.063113,-0.311825,0.000000], [-0.033559,-0.994496,0.099257,0.000000], [-0.316373,-0.083635,-0.944941,0.000000], [52.402597,11.953009,95.373468,1.000000])) 
vcam.keyframe_insert('location')
vcam.keyframe_insert('scale')
vcam.keyframe_insert('rotation_euler')
vcam.data.keyframe_insert('lens')

scene.frame_current = 40
vcam.data.lens = 36.150196
vcam.matrix_world = (([0.948294,-0.062617,-0.311154,0.000000], [-0.034284,-0.994819,0.095710,0.000000], [-0.315535,-0.080093,-0.945528,0.000000], [52.422293,12.418322,95.261435,1.000000])) 
vcam.keyframe_insert('location')
vcam.keyframe_insert('scale')
vcam.keyframe_insert('rotation_euler')
vcam.data.keyframe_insert('lens')

scene.frame_current = 41
vcam.data.lens = 36.150196
vcam.matrix_world = (([0.948325,-0.062887,-0.311007,0.000000], [-0.035138,-0.994948,0.094037,0.000000], [-0.315350,-0.078250,-0.945744,0.000000], [52.385701,12.717274,95.224481,1.000000])) 
vcam.keyframe_insert('location')
vcam.keyframe_insert('scale')
vcam.keyframe_insert('rotation_euler')
vcam.data.keyframe_insert('lens')

scene.frame_current = 42
vcam.data.lens = 36.150196
vcam.matrix_world = (([0.947869,-0.066344,-0.311676,0.000000], [-0.038438,-0.994750,0.094845,0.000000], [-0.316332,-0.077920,-0.945443,0.000000], [52.262476,12.816406,95.338781,1.000000])) 
vcam.keyframe_insert('location')
vcam.keyframe_insert('scale')
vcam.keyframe_insert('rotation_euler')
vcam.data.keyframe_insert('lens')

scene.frame_current = 43
vcam.data.lens = 36.150196
vcam.matrix_world = (([0.947183,-0.070823,-0.312775,0.000000], [-0.042469,-0.994421,0.096561,0.000000], [-0.317869,-0.078178,-0.944906,0.000000], [52.081565,12.788295,95.534172,1.000000])) 
vcam.keyframe_insert('location')
vcam.keyframe_insert('scale')
vcam.keyframe_insert('rotation_euler')
vcam.data.keyframe_insert('lens')

scene.frame_current = 44
vcam.data.lens = 36.150196
vcam.matrix_world = (([0.946196,-0.074595,-0.314877,0.000000], [-0.045624,-0.994100,0.098407,0.000000], [-0.320360,-0.078746,-0.944017,0.000000], [51.946948,12.706850,96.045793,1.000000])) 
vcam.keyframe_insert('location')
vcam.keyframe_insert('scale')
vcam.keyframe_insert('rotation_euler')
vcam.data.keyframe_insert('lens')

scene.frame_current = 45
vcam.data.lens = 36.150196
vcam.matrix_world = (([0.947098,-0.074107,-0.312270,0.000000], [-0.043951,-0.993758,0.102535,0.000000], [-0.317920,-0.083386,-0.944444,0.000000], [52.409730,12.313019,96.663145,1.000000])) 
vcam.keyframe_insert('location')
vcam.keyframe_insert('scale')
vcam.keyframe_insert('rotation_euler')
vcam.data.keyframe_insert('lens')

scene.frame_current = 46
vcam.data.lens = 36.150196
vcam.matrix_world = (([0.947887,-0.070462,-0.310718,0.000000], [-0.039685,-0.993755,0.104291,0.000000], [-0.316126,-0.086526,-0.944763,0.000000], [53.153732,12.065290,97.627408,1.000000])) 
vcam.keyframe_insert('location')
vcam.keyframe_insert('scale')
vcam.keyframe_insert('rotation_euler')
vcam.data.keyframe_insert('lens')

scene.frame_current = 47
vcam.data.lens = 36.150196
vcam.matrix_world = (([0.948572,-0.064703,-0.309880,0.000000], [-0.034546,-0.994201,0.101842,0.000000], [-0.314672,-0.085899,-0.945306,0.000000], [54.093560,12.184306,99.094555,1.000000])) 
vcam.keyframe_insert('location')
vcam.keyframe_insert('scale')
vcam.keyframe_insert('rotation_euler')
vcam.data.keyframe_insert('lens')

scene.frame_current = 48
vcam.data.lens = 36.150196
vcam.matrix_world = (([0.950195,-0.060742,-0.305678,0.000000], [-0.030850,-0.994338,0.101690,0.000000], [-0.310124,-0.087195,-0.946689,0.000000], [55.115560,12.156991,100.332987,1.000000])) 
vcam.keyframe_insert('location')
vcam.keyframe_insert('scale')
vcam.keyframe_insert('rotation_euler')
vcam.data.keyframe_insert('lens')

scene.frame_current = 49
vcam.data.lens = 36.150196
vcam.matrix_world = (([0.952308,-0.057362,-0.299699,0.000000], [-0.027793,-0.994395,0.102014,0.000000], [-0.303871,-0.088820,-0.948564,0.000000], [56.253078,12.136451,101.666374,1.000000])) 
vcam.keyframe_insert('location')
vcam.keyframe_insert('scale')
vcam.keyframe_insert('rotation_euler')
vcam.data.keyframe_insert('lens')

scene.frame_current = 50
vcam.data.lens = 36.150196
vcam.matrix_world = (([0.953796,-0.054791,-0.295416,0.000000], [-0.026092,-0.994622,0.100230,0.000000], [-0.299319,-0.087891,-0.950096,0.000000], [56.916955,12.309884,102.272220,1.000000])) 
vcam.keyframe_insert('location')
vcam.keyframe_insert('scale')
vcam.keyframe_insert('rotation_euler')
vcam.data.keyframe_insert('lens')

scene.frame_current = 51
vcam.data.lens = 36.150196
vcam.matrix_world = (([0.954436,-0.055723,-0.293168,0.000000], [-0.027060,-0.994525,0.100933,0.000000], [-0.297188,-0.088400,-0.950718,0.000000], [57.407607,12.427802,103.109331,1.000000])) 
vcam.keyframe_insert('location')
vcam.keyframe_insert('scale')
vcam.keyframe_insert('rotation_euler')
vcam.data.keyframe_insert('lens')

scene.frame_current = 52
vcam.data.lens = 36.150196
vcam.matrix_world = (([0.954132,-0.057255,-0.293859,0.000000], [-0.026965,-0.993988,0.106115,0.000000], [-0.298168,-0.093324,-0.949940,0.000000], [57.413633,12.101716,103.386502,1.000000])) 
vcam.keyframe_insert('location')
vcam.keyframe_insert('scale')
vcam.keyframe_insert('rotation_euler')
vcam.data.keyframe_insert('lens')

scene.frame_current = 53
vcam.data.lens = 36.150196
vcam.matrix_world = (([0.953631,-0.059571,-0.295023,0.000000], [-0.028113,-0.993562,0.109745,0.000000], [-0.299662,-0.096362,-0.949167,0.000000], [57.361488,11.861017,103.567863,1.000000])) 
vcam.keyframe_insert('location')
vcam.keyframe_insert('scale')
vcam.keyframe_insert('rotation_euler')
vcam.data.keyframe_insert('lens')

scene.frame_current = 54
vcam.data.lens = 36.150196
vcam.matrix_world = (([0.952885,-0.063542,-0.296603,0.000000], [-0.030770,-0.993018,0.113883,0.000000], [-0.301768,-0.099391,-0.948187,0.000000], [57.255375,11.571900,103.830067,1.000000])) 
vcam.keyframe_insert('location')
vcam.keyframe_insert('scale')
vcam.keyframe_insert('rotation_euler')
vcam.data.keyframe_insert('lens')

scene.frame_current = 55
vcam.data.lens = 36.150196
vcam.matrix_world = (([0.951671,-0.065436,-0.300067,0.000000], [-0.030367,-0.992299,0.120083,0.000000], [-0.305614,-0.105167,-0.946330,0.000000], [56.993172,10.980045,104.264430,1.000000])) 
vcam.keyframe_insert('location')
vcam.keyframe_insert('scale')
vcam.keyframe_insert('rotation_euler')
vcam.data.keyframe_insert('lens')

scene.frame_current = 56
vcam.data.lens = 36.150196
vcam.matrix_world = (([0.952127,-0.060926,-0.299571,0.000000], [-0.024965,-0.992162,0.122437,0.000000], [-0.304683,-0.109096,-0.946185,0.000000], [57.100544,10.439120,104.326818,1.000000])) 
vcam.keyframe_insert('location')
vcam.keyframe_insert('scale')
vcam.keyframe_insert('rotation_euler')
vcam.data.keyframe_insert('lens')

scene.frame_current = 57
vcam.data.lens = 36.150196
vcam.matrix_world = (([0.953428,-0.058805,-0.295833,0.000000], [-0.022173,-0.991822,0.125690,0.000000], [-0.300805,-0.113277,-0.946935,0.000000], [57.436814,9.977863,104.221955,1.000000])) 
vcam.keyframe_insert('location')
vcam.keyframe_insert('scale')
vcam.keyframe_insert('rotation_euler')
vcam.data.keyframe_insert('lens')

scene.frame_current = 58
vcam.data.lens = 36.150196
vcam.matrix_world = (([0.953946,-0.061347,-0.293638,0.000000], [-0.024274,-0.991442,0.128273,0.000000], [-0.298994,-0.115237,-0.947271,0.000000], [57.607471,9.701514,104.236580,1.000000])) 
vcam.keyframe_insert('location')
vcam.keyframe_insert('scale')
vcam.keyframe_insert('rotation_euler')
vcam.data.keyframe_insert('lens')

scene.frame_current = 59
vcam.data.lens = 36.150196
vcam.matrix_world = (([0.954027,-0.067156,-0.292102,0.000000], [-0.029272,-0.990793,0.132183,0.000000], [-0.298289,-0.117556,-0.947209,0.000000], [57.700512,9.248775,104.391607,1.000000])) 
vcam.keyframe_insert('location')
vcam.keyframe_insert('scale')
vcam.keyframe_insert('rotation_euler')
vcam.data.keyframe_insert('lens')

scene.frame_current = 60
vcam.data.lens = 36.150196
vcam.matrix_world = (([0.954281,-0.069700,-0.290673,0.000000], [-0.033138,-0.991108,0.128866,0.000000], [-0.297070,-0.113342,-0.948105,0.000000], [57.763950,9.376989,104.242846,1.000000])) 
vcam.keyframe_insert('location')
vcam.keyframe_insert('scale')
vcam.keyframe_insert('rotation_euler')
vcam.data.keyframe_insert('lens')

scene.frame_current = 61
vcam.data.lens = 36.150196
vcam.matrix_world = (([0.954649,-0.065684,-0.290397,0.000000], [-0.030594,-0.991839,0.123768,0.000000], [-0.296157,-0.109271,-0.948868,0.000000], [57.795304,9.726984,103.980511,1.000000])) 
vcam.keyframe_insert('location')
vcam.keyframe_insert('scale')
vcam.keyframe_insert('rotation_euler')
vcam.data.keyframe_insert('lens')

scene.frame_current = 62
vcam.data.lens = 36.150196
vcam.matrix_world = (([0.955196,-0.062740,-0.289249,0.000000], [-0.027448,-0.991841,0.124493,0.000000], [-0.294699,-0.110976,-0.949124,0.000000], [57.933511,9.661047,103.809904,1.000000])) 
vcam.keyframe_insert('location')
vcam.keyframe_insert('scale')
vcam.keyframe_insert('rotation_euler')
vcam.data.keyframe_insert('lens')

scene.frame_current = 63
vcam.data.lens = 36.150196
vcam.matrix_world = (([0.956141,-0.061721,-0.286330,0.000000], [-0.027886,-0.992288,0.120776,0.000000], [-0.291576,-0.107494,-0.950488,0.000000], [58.220445,10.203032,103.448812,1.000000])) 
vcam.keyframe_insert('location')
vcam.keyframe_insert('scale')
vcam.keyframe_insert('rotation_euler')
vcam.data.keyframe_insert('lens')

scene.frame_current = 64
vcam.data.lens = 36.150196
vcam.matrix_world = (([0.956236,-0.059956,-0.286389,0.000000], [-0.025129,-0.991992,0.123772,0.000000], [-0.291516,-0.111159,-0.950085,0.000000], [58.252995,10.307170,103.405258,1.000000])) 
vcam.keyframe_insert('location')
vcam.keyframe_insert('scale')
vcam.keyframe_insert('rotation_euler')
vcam.data.keyframe_insert('lens')

scene.frame_current = 65
vcam.data.lens = 36.150196
vcam.matrix_world = (([0.956525,-0.060708,-0.285263,0.000000], [-0.024660,-0.991429,0.128299,0.000000], [-0.290606,-0.115686,-0.949823,0.000000], [58.339984,10.205814,103.425715,1.000000])) 
vcam.keyframe_insert('location')
vcam.keyframe_insert('scale')
vcam.keyframe_insert('rotation_euler')
vcam.data.keyframe_insert('lens')

scene.frame_current = 66
vcam.data.lens = 36.150196
vcam.matrix_world = (([0.957271,-0.059738,-0.282957,0.000000], [-0.023823,-0.991397,0.128706,0.000000], [-0.288211,-0.116466,-0.950458,0.000000], [58.524725,10.347996,103.294090,1.000000])) 
vcam.keyframe_insert('location')
vcam.keyframe_insert('scale')
vcam.keyframe_insert('rotation_euler')
vcam.data.keyframe_insert('lens')

scene.frame_current = 67
vcam.data.lens = 36.150196
vcam.matrix_world = (([0.957223,-0.062428,-0.282538,0.000000], [-0.026660,-0.991324,0.128712,0.000000], [-0.288122,-0.115673,-0.950582,0.000000], [58.602753,10.612835,103.552203,1.000000])) 
vcam.keyframe_insert('location')
vcam.keyframe_insert('scale')
vcam.keyframe_insert('rotation_euler')
vcam.data.keyframe_insert('lens')

scene.frame_current = 68
vcam.data.lens = 36.150196
vcam.matrix_world = (([0.960491,-0.063485,-0.270973,0.000000], [-0.029943,-0.991556,0.126172,0.000000], [-0.276695,-0.113073,-0.954282,0.000000], [60.795374,11.437047,107.557454,1.000000])) 
vcam.keyframe_insert('location')
vcam.keyframe_insert('scale')
vcam.keyframe_insert('rotation_euler')
vcam.data.keyframe_insert('lens')

scene.frame_current = 69
vcam.data.lens = 36.150196
vcam.matrix_world = (([0.961539,-0.058390,-0.268391,0.000000], [-0.053753,-0.998251,0.024599,0.000000], [-0.269358,-0.009227,-0.962996,0.000000], [63.375117,19.851807,114.229143,1.000000])) 
vcam.keyframe_insert('location')
vcam.keyframe_insert('scale')
vcam.keyframe_insert('rotation_euler')
vcam.data.keyframe_insert('lens')

scene.frame_current = 70
vcam.data.lens = 36.150196
vcam.matrix_world = (([0.966147,-0.054633,-0.252140,0.000000], [-0.047176,-0.998255,0.035529,0.000000], [-0.253641,-0.022431,-0.967038,0.000000], [67.411141,19.106967,124.812380,1.000000])) 
vcam.keyframe_insert('location')
vcam.keyframe_insert('scale')
vcam.keyframe_insert('rotation_euler')
vcam.data.keyframe_insert('lens')

scene.frame_current = 71
vcam.data.lens = 36.150196
vcam.matrix_world = (([0.959366,-0.055788,-0.276593,0.000000], [-0.031177,-0.995216,0.092595,0.000000], [-0.280436,-0.080209,-0.956516,0.000000], [67.016133,15.830133,129.599224,1.000000])) 
vcam.keyframe_insert('location')
vcam.keyframe_insert('scale')
vcam.keyframe_insert('rotation_euler')
vcam.data.keyframe_insert('lens')

scene.frame_current = 72
vcam.data.lens = 36.150196
vcam.matrix_world = (([0.964799,-0.058884,-0.256310,0.000000], [-0.040461,-0.996243,0.076571,0.000000], [-0.259856,-0.063506,-0.963557,0.000000], [69.118621,16.629084,132.666724,1.000000])) 
vcam.keyframe_insert('location')
vcam.keyframe_insert('scale')
vcam.keyframe_insert('rotation_euler')
vcam.data.keyframe_insert('lens')

scene.frame_current = 73
vcam.data.lens = 36.150196
vcam.matrix_world = (([0.966152,-0.061590,-0.250512,0.000000], [-0.040383,-0.995219,0.088934,0.000000], [-0.254792,-0.075808,-0.964020,0.000000], [70.883339,15.920968,137.704896,1.000000])) 
vcam.keyframe_insert('location')
vcam.keyframe_insert('scale')
vcam.keyframe_insert('rotation_euler')
vcam.data.keyframe_insert('lens')

scene.frame_current = 74
vcam.data.lens = 36.150196
vcam.matrix_world = (([0.972066,-0.062071,-0.226352,0.000000], [-0.038052,-0.993316,0.108976,0.000000], [-0.231603,-0.097318,-0.967930,0.000000], [72.683818,14.635508,139.829761,1.000000])) 
vcam.keyframe_insert('location')
vcam.keyframe_insert('scale')
vcam.keyframe_insert('rotation_euler')
vcam.data.keyframe_insert('lens')

scene.frame_current = 75
vcam.data.lens = 36.150196
vcam.matrix_world = (([0.980854,-0.059909,-0.185303,0.000000], [-0.041517,-0.993959,0.101595,0.000000], [-0.190270,-0.091956,-0.977416,0.000000], [74.979432,14.689286,140.842631,1.000000])) 
vcam.keyframe_insert('location')
vcam.keyframe_insert('scale')
vcam.keyframe_insert('rotation_euler')
vcam.data.keyframe_insert('lens')

scene.frame_current = 76
vcam.data.lens = 36.150196
vcam.matrix_world = (([0.982186,-0.059930,-0.178097,0.000000], [-0.042243,-0.993939,0.101496,0.000000], [-0.183100,-0.092164,-0.978765,0.000000], [75.559576,14.712174,141.950483,1.000000])) 
vcam.keyframe_insert('location')
vcam.keyframe_insert('scale')
vcam.keyframe_insert('rotation_euler')
vcam.data.keyframe_insert('lens')

scene.frame_current = 77
vcam.data.lens = 36.150196
vcam.matrix_world = (([0.982235,-0.059435,-0.177995,0.000000], [-0.041919,-0.994044,0.100598,0.000000], [-0.182914,-0.091349,-0.978876,0.000000], [75.557493,14.723724,142.048912,1.000000])) 
vcam.keyframe_insert('location')
vcam.keyframe_insert('scale')
vcam.keyframe_insert('rotation_euler')
vcam.data.keyframe_insert('lens')

scene.frame_current = 78
vcam.data.lens = 36.150196
vcam.matrix_world = (([0.982284,-0.056196,-0.178775,0.000000], [-0.038710,-0.994250,0.099839,0.000000], [-0.183358,-0.091150,-0.978811,0.000000], [75.519927,14.726442,142.078177,1.000000])) 
vcam.keyframe_insert('location')
vcam.keyframe_insert('scale')
vcam.keyframe_insert('rotation_euler')
vcam.data.keyframe_insert('lens')

scene.frame_current = 79
vcam.data.lens = 36.150196
vcam.matrix_world = (([0.983269,-0.049198,-0.175390,0.000000], [-0.032451,-0.994745,0.097106,0.000000], [-0.179246,-0.089789,-0.979698,0.000000], [75.674564,14.820907,141.978157,1.000000])) 
vcam.keyframe_insert('location')
vcam.keyframe_insert('scale')
vcam.keyframe_insert('rotation_euler')
vcam.data.keyframe_insert('lens')

scene.frame_current = 80
vcam.data.lens = 36.150196
vcam.matrix_world = (([0.986240,-0.043402,-0.159521,0.000000], [-0.028282,-0.994993,0.095863,0.000000], [-0.162882,-0.090033,-0.982529,0.000000], [76.023688,14.983867,141.813502,1.000000])) 
vcam.keyframe_insert('location')
vcam.keyframe_insert('scale')
vcam.keyframe_insert('rotation_euler')
vcam.data.keyframe_insert('lens')

scene.frame_current = 81
vcam.data.lens = 36.150196
vcam.matrix_world = (([0.987105,-0.047703,-0.152801,0.000000], [-0.032635,-0.994488,0.099644,0.000000], [-0.156712,-0.093373,-0.983221,0.000000], [76.019677,14.930795,141.842718,1.000000])) 
vcam.keyframe_insert('location')
vcam.keyframe_insert('scale')
vcam.keyframe_insert('rotation_euler')
vcam.data.keyframe_insert('lens')

scene.frame_current = 82
vcam.data.lens = 36.150196
vcam.matrix_world = (([0.987240,-0.054030,-0.149793,0.000000], [-0.038768,-0.993926,0.102999,0.000000], [-0.154448,-0.095878,-0.983338,0.000000], [75.951594,14.839233,141.893997,1.000000])) 
vcam.keyframe_insert('location')
vcam.keyframe_insert('scale')
vcam.keyframe_insert('rotation_euler')
vcam.data.keyframe_insert('lens')

scene.frame_current = 83
vcam.data.lens = 36.150196
vcam.matrix_world = (([0.986871,-0.065873,-0.147469,0.000000], [-0.050560,-0.993156,0.105287,0.000000], [-0.153396,-0.096448,-0.983447,0.000000], [75.925165,14.789107,141.915288,1.000000])) 
vcam.keyframe_insert('location')
vcam.keyframe_insert('scale')
vcam.keyframe_insert('rotation_euler')
vcam.data.keyframe_insert('lens')

scene.frame_current = 84
vcam.data.lens = 36.150196
vcam.matrix_world = (([0.985495,-0.086627,-0.145930,0.000000], [-0.072208,-0.992225,0.101371,0.000000], [-0.153577,-0.089364,-0.984088,0.000000], [76.047246,15.178050,142.958880,1.000000])) 
vcam.keyframe_insert('location')
vcam.keyframe_insert('scale')
vcam.keyframe_insert('rotation_euler')
vcam.data.keyframe_insert('lens')

scene.frame_current = 85
vcam.data.lens = 36.150196
vcam.matrix_world = (([0.993036,-0.090820,-0.075039,0.000000], [-0.088909,-0.995634,0.028428,0.000000], [-0.077293,-0.021559,-0.996775,0.000000], [80.084742,18.523830,145.152818,1.000000])) 
vcam.keyframe_insert('location')
vcam.keyframe_insert('scale')
vcam.keyframe_insert('rotation_euler')
vcam.data.keyframe_insert('lens')

scene.frame_current = 86
vcam.data.lens = 36.150196
vcam.matrix_world = (([0.991650,-0.079082,-0.101867,0.000000], [-0.071580,-0.994587,0.075315,0.000000], [-0.107272,-0.067394,-0.991943,0.000000], [79.769446,17.163574,148.055690,1.000000])) 
vcam.keyframe_insert('location')
vcam.keyframe_insert('scale')
vcam.keyframe_insert('rotation_euler')
vcam.data.keyframe_insert('lens')

scene.frame_current = 87
vcam.data.lens = 36.150196
vcam.matrix_world = (([0.992914,-0.072605,-0.094078,0.000000], [-0.065523,-0.994930,0.076292,0.000000], [-0.099140,-0.069587,-0.992637,0.000000], [80.279815,17.115280,149.193351,1.000000])) 
vcam.keyframe_insert('location')
vcam.keyframe_insert('scale')
vcam.keyframe_insert('rotation_euler')
vcam.data.keyframe_insert('lens')

scene.frame_current = 88
vcam.data.lens = 36.150196
vcam.matrix_world = (([0.994505,-0.063665,-0.083110,0.000000], [-0.057233,-0.995340,0.077612,0.000000], [-0.087664,-0.072429,-0.993513,0.000000], [80.844918,17.065305,150.455466,1.000000])) 
vcam.keyframe_insert('location')
vcam.keyframe_insert('scale')
vcam.keyframe_insert('rotation_euler')
vcam.data.keyframe_insert('lens')

scene.frame_current = 89
vcam.data.lens = 36.150196
vcam.matrix_world = (([0.995844,-0.054246,-0.073151,0.000000], [-0.048459,-0.995721,0.078685,0.000000], [-0.077107,-0.074813,-0.994212,0.000000], [81.315808,17.028800,151.435432,1.000000])) 
vcam.keyframe_insert('location')
vcam.keyframe_insert('scale')
vcam.keyframe_insert('rotation_euler')
vcam.data.keyframe_insert('lens')

scene.frame_current = 90
vcam.data.lens = 36.150196
vcam.matrix_world = (([0.996163,-0.048891,-0.072586,0.000000], [-0.043067,-0.995885,0.079743,0.000000], [-0.076186,-0.076310,-0.994169,0.000000], [81.748993,16.993775,152.370168,1.000000])) 
vcam.keyframe_insert('location')
vcam.keyframe_insert('scale')
vcam.keyframe_insert('rotation_euler')
vcam.data.keyframe_insert('lens')

scene.frame_current = 91
vcam.data.lens = 36.150196
vcam.matrix_world = (([0.996328,-0.048912,-0.070276,0.000000], [-0.043102,-0.995705,0.081936,0.000000], [-0.073982,-0.078606,-0.994157,0.000000], [82.073544,16.964576,153.066929,1.000000])) 
vcam.keyframe_insert('location')
vcam.keyframe_insert('scale')
vcam.keyframe_insert('rotation_euler')
vcam.data.keyframe_insert('lens')

scene.frame_current = 92
vcam.data.lens = 36.150196
vcam.matrix_world = (([0.995885,-0.055863,-0.071358,0.000000], [-0.049952,-0.995372,0.082094,0.000000], [-0.075614,-0.078192,-0.994067,0.000000], [82.090465,16.965619,153.111048,1.000000])) 
vcam.keyframe_insert('location')
vcam.keyframe_insert('scale')
vcam.keyframe_insert('rotation_euler')
vcam.data.keyframe_insert('lens')

scene.frame_current = 93
vcam.data.lens = 36.150196
vcam.matrix_world = (([0.995478,-0.061386,-0.072490,0.000000], [-0.055341,-0.995041,0.082649,0.000000], [-0.077204,-0.078263,-0.993939,0.000000], [82.095498,16.966611,153.112393,1.000000])) 
vcam.keyframe_insert('location')
vcam.keyframe_insert('scale')
vcam.keyframe_insert('rotation_euler')
vcam.data.keyframe_insert('lens')

scene.frame_current = 94
vcam.data.lens = 36.150196
vcam.matrix_world = (([0.995137,-0.064583,-0.074378,0.000000], [-0.058150,-0.994629,0.085629,0.000000], [-0.079509,-0.080888,-0.993547,0.000000], [82.063554,16.953040,153.091625,1.000000])) 
vcam.keyframe_insert('location')
vcam.keyframe_insert('scale')
vcam.keyframe_insert('rotation_euler')
vcam.data.keyframe_insert('lens')

scene.frame_current = 95
vcam.data.lens = 36.150196
vcam.matrix_world = (([0.994233,-0.062369,-0.087242,0.000000], [-0.053605,-0.993601,0.099419,0.000000], [-0.092884,-0.094169,-0.991214,0.000000], [82.046107,16.893228,153.157851,1.000000])) 
vcam.keyframe_insert('location')
vcam.keyframe_insert('scale')
vcam.keyframe_insert('rotation_euler')
vcam.data.keyframe_insert('lens')

scene.frame_current = 96
vcam.data.lens = 36.150196
vcam.matrix_world = (([0.994138,-0.061181,-0.089140,0.000000], [-0.052203,-0.993639,0.099784,0.000000], [-0.094678,-0.094546,-0.991008,0.000000], [82.069745,16.924439,153.193151,1.000000])) 
vcam.keyframe_insert('location')
vcam.keyframe_insert('scale')
vcam.keyframe_insert('rotation_euler')
vcam.data.keyframe_insert('lens')

scene.frame_current = 97
vcam.data.lens = 36.150196
vcam.matrix_world = (([0.993910,-0.062651,-0.090650,0.000000], [-0.053352,-0.993393,0.101605,0.000000], [-0.096417,-0.096150,-0.990686,0.000000], [82.055565,16.906405,153.198066,1.000000])) 
vcam.keyframe_insert('location')
vcam.keyframe_insert('scale')
vcam.keyframe_insert('rotation_euler')
vcam.data.keyframe_insert('lens')

scene.frame_current = 98
vcam.data.lens = 36.150196
vcam.matrix_world = (([0.993757,-0.062041,-0.092722,0.000000], [-0.052283,-0.993182,0.104195,0.000000], [-0.098554,-0.098696,-0.990225,0.000000], [82.050629,16.888132,153.204390,1.000000])) 
vcam.keyframe_insert('location')
vcam.keyframe_insert('scale')
vcam.keyframe_insert('rotation_euler')
vcam.data.keyframe_insert('lens')

scene.frame_current = 99
vcam.data.lens = 36.150196
vcam.matrix_world = (([0.993663,-0.061002,-0.094411,0.000000], [-0.050876,-0.993045,0.106175,0.000000], [-0.100232,-0.100699,-0.989855,0.000000], [82.050470,16.888737,153.209170,1.000000])) 
vcam.keyframe_insert('location')
vcam.keyframe_insert('scale')
vcam.keyframe_insert('rotation_euler')
vcam.data.keyframe_insert('lens')

scene.frame_current = 100
vcam.data.lens = 36.150196
vcam.matrix_world = (([0.993512,-0.060698,-0.096176,0.000000], [-0.050232,-0.992909,0.107739,0.000000], [-0.102033,-0.102209,-0.989516,0.000000], [82.055614,16.888963,153.242895,1.000000])) 
